01,2008,191,0,0.94677,-3.85996,-0.00798,0.00012,0.00488,36.53,1.297,169.7,1.568,25.45,25.19,13.03,36.53,0,121.54555,3.91298,-1
01,2008,191,1,0.79728,-3.76239,-0.00784,0.00012,0.00488,36.48,1.49,167.1,1.862,25.45,25.14,13.03,36.48,0,121.53136,4.18383,-1
01,2008,191,2,0.70426,-3.78098,-0.00791,0.00012,0.00488,36.45,1.142,169.7,1.666,25.45,25.07,13.03,36.45,0,121.51623,4.45457,-1
01,2008,191,3,0.47837,-3.90175,-0.00784,0.00012,0.00488,36.39,1.078,10.04,1.568,25.45,24.98,13.03,36.39,0,121.50015,4.72518,-1
01,2008,191,4,0.44847,-3.90175,-0.00736,0.00012,0.00488,36.35,1.277,106.7,2.352,25.45,24.89,13.03,36.35,0,121.48311,4.99568,-1
01,2008,191,5,0.57138,-4.16651,-0.00757,0.00012,0.00488,36.45,2.019,30.19,2.548,25.45,24.83,13.04,36.45,0,121.46512,5.26603,-1
01,2008,191,6,0.93348,-4.21064,-0.00784,0.00012,0.00488,36.5,1.733,170.5,2.058,25.45,24.79,13.04,36.5,0,121.44619,5.53624,-1
01,2008,191,7,0.96338,-3.86460,-0.00784,0.00012,0.00486,36.5,1.055,5.743,1.372,25.45,24.78,13.04,36.5,0,121.42630,5.80631,-1
01,2008,191,8,0.76406,-3.69273,-0.00784,0.00012,0.00488,36.48,1.194,13.54,1.568,25.45,24.78,13.04,36.48,0,121.40547,6.07621,-1
01,2008,191,9,0.67437,-3.78796,-0.00763,0.00012,0.00488,36.47,1.498,11.87,1.96,25.44,24.79,13.04,36.47,0,121.38369,6.34596,-1
01,2008,191,10,0.72420,-3.90177,-0.00763,0.00012,0.00487,36.47,0.9,122.4,1.372,25.44,24.8,13.04,36.47,0,121.36097,6.61553,-1
01,2008,191,11,0.56475,-3.88321,-0.00750,0.00012,0.00488,36.42,0.694,21.47,1.176,25.44,24.82,13.04,36.42,0,121.33730,6.88492,-1
01,2008,191,12,0.34881,-3.90179,-0.00701,0.00012,0.00488,36.37,0.851,13.77,1.274,25.44,24.85,13.04,36.37,0,121.31269,7.15413,-1
01,2008,191,13,0.36542,-3.90179,-0.00729,0.00012,0.00488,36.36,0.928,12.1,1.47,25.44,24.87,13.04,36.36,0,121.28714,7.42315,-1
01,2008,191,14,0.34549,-4.00397,-0.00722,0.00012,0.00488,36.33,0.804,10.15,1.078,25.44,24.89,13.04,36.33,0,121.26065,7.69197,-1
01,2008,191,15,0.27905,-3.90178,-0.00715,0.00012,0.00488,36.3,0.893,5.711,1.372,25.44,24.92,13.04,36.3,0,121.23322,7.96058,-1
01,2008,191,16,0.05315,-3.90178,-0.00708,0.00012,0.00488,36.3,0.947,9.82,1.274,25.44,24.94,13.04,36.3,0,121.20485,8.22898,-1
01,2008,191,17,-0.03654,-3.89249,-0.00715,0.00012,0.00488,36.22,0.933,18.47,1.078,25.44,24.95,13.04,36.22,0,121.17554,8.49717,-1
01,2008,191,18,-0.17275,-3.70436,-0.00722,0.00012,0.00487,36.16,0.985,19.09,1.372,25.44,24.97,13.04,36.16,0,121.14530,8.76512,-1
01,2008,191,19,-0.25247,-3.79494,-0.00729,0.00012,0.00488,36.14,1.125,19.05,1.274,25.44,24.97,13.04,36.14,0,121.11413,9.03285,-1
01,2008,191,20,-0.24583,-3.65792,-0.00708,0.00012,0.00488,36.1,1.165,16.24,1.666,25.44,24.97,13.04,36.1,0,121.08202,9.30033,-1
01,2008,191,21,-0.39532,-3.68581,-0.00729,0.00012,0.00488,35.99,1.049,22.4,1.47,25.44,24.97,13.04,35.99,0,121.04898,9.56757,-1
01,2008,191,22,-0.52156,-3.79729,-0.00729,0.00012,0.00488,35.89,0.972,25.3,1.176,25.44,24.97,13.04,35.89,0,121.01502,9.83455,-1
01,2008,191,23,-0.73417,-3.90179,-0.00666,0.00012,0.00488,35.82,0.838,30.2,1.274,25.44,24.96,13.04,35.82,0,120.98012,10.10128,-1
01,2008,191,24,-0.81390,-3.90179,-0.00680,0.00012,0.00488,35.72,0.363,34.11,0.588,25.44,24.96,13.04,35.72,0,120.94430,10.36774,-1
01,2008,191,25,-1.09627,-3.92734,-0.00687,0.00012,0.00488,35.62,0.247,35.72,0.588,25.44,24.96,13.04,35.62,0,120.90756,10.63393,-1
01,2008,191,26,-1.30223,-4.03184,-0.00694,0.00012,0.00488,35.53,0.315,38.38,0.98,25.44,24.96,13.04,35.53,0,120.86989,10.89984,-1
01,2008,191,27,-1.26569,-4.18281,-0.00618,0.00012,0.00488,35.56,0.657,29.96,1.078,25.44,24.97,13.04,35.56,0,120.83131,11.16546,-1
01,2008,191,28,-1.19925,-4.21067,-0.00687,0.00012,0.00488,35.56,0.167,35.14,0.49,25.44,24.97,13.04,35.56,0,120.79180,11.43080,-1
01,2008,191,29,-1.49159,-4.42434,-0.00708,0.00012,0.00488,35.48,0.204,58.93,0.686,25.43,24.98,13.04,35.48,0,120.75138,11.69584,-1
01,2008,191,30,-1.77064,-4.47543,-0.00639,0.00012,0.00488,35.4,0.395,65.64,0.882,25.43,25,13.04,35.4,0,120.71004,11.96057,-1
01,2008,191,31,-2.05965,-4.63568,-0.00583,0.00012,0.00488,35.33,0.534,65.24,0.784,25.43,25.02,13.04,35.33,0,120.66779,12.22499,-1
01,2008,191,32,-2.12277,-4.91670,-0.00583,0.00012,0.00488,35.32,0.335,60.55,0.588,25.43,25.04,13.04,35.32,0,120.62463,12.48910,-1
01,2008,191,33,-1.98989,-5.01657,-0.00569,0.00012,0.00488,35.34,0.449,58.49,0.784,25.43,25.05,13.04,35.34,0,120.58056,12.75289,-1
01,2008,191,34,-1.99321,-4.83773,-0.00604,0.00012,0.00488,35.35,0.603,59.33,0.784,25.43,25.07,13.04,35.35,0,120.53559,13.01635,-1
01,2008,191,35,-1.74074,-4.73787,-0.00583,0.00012,0.00488,35.35,0.799,53.29,1.078,25.43,25.09,13.04,35.35,0,120.48970,13.27947,-1
01,2008,191,36,-1.52813,-4.74483,-0.00590,0.00012,0.00488,35.44,0.689,40.59,1.078,25.43,25.1,12.94,35.44,0,120.44292,13.54226,-1
01,2008,191,37,-1.39192,-4.73787,-0.00632,0.00012,0.00488,35.51,0.599,43.38,0.784,25.43,25.11,12.99,35.51,0,120.39524,13.80470,-1
01,2008,191,38,-1.49491,-4.60084,-0.00611,0.00012,0.00488,35.59,0.493,36.89,0.686,25.43,25.12,13.03,35.59,0,120.34665,14.06679,-1
01,2008,191,39,-1.55138,-4.45917,-0.00590,0.00012,0.00488,35.58,0.286,40.97,0.588,25.43,25.12,13.03,35.58,0,120.29717,14.32853,-1
01,2008,191,40,-1.59457,-4.45917,-0.00527,0.00012,0.00488,35.56,0.25,31.77,0.392,25.43,25.11,13.03,35.56,0,120.24680,14.58990,-1
01,2008,191,41,-1.59457,-4.32446,-0.00548,0.00012,0.00488,35.57,0.389,35.56,0.588,25.43,25.11,13.03,35.57,0,120.19554,14.85091,-1
01,2008,191,42,-1.59457,-4.18049,-0.00555,0.00012,0.00488,35.6,0.467,31.08,0.686,25.43,25.1,13.02,35.6,0,120.14338,15.11154,-1
01,2008,191,43,-1.59126,-4.19908,-0.00541,0.00012,0.00488,35.57,0.399,34.2,0.784,25.43,25.09,13.03,35.57,0,120.09034,15.37180,-1
01,2008,191,44,-1.51485,-4.36862,-0.00534,0.00012,0.00488,35.55,0.384,31.15,0.686,25.43,25.08,13.03,35.55,0,120.03642,15.63167,-1
01,2008,191,45,-1.56136,-4.35003,-0.00521,0.00012,0.00488,35.46,0.41,28.9,0.686,25.43,25.08,13.03,35.46,0,119.98161,15.89115,-1
01,2008,191,46,-1.64108,-4.39415,-0.00548,0.00012,0.00488,35.35,0.26,34.71,0.686,25.43,25.09,13.03,35.35,0,119.92592,16.15024,-1
01,2008,191,47,-1.72081,-4.55905,-0.00576,0.00012,0.00488,35.3,0.232,33.63,0.49,25.43,25.09,13.03,35.3,0,119.86936,16.40893,-1
01,2008,191,48,-1.58461,-4.73788,-0.00500,0.00012,0.00488,35.29,0.452,46.07,0.686,25.43,25.1,13.03,35.29,0,119.81192,16.66721,-1
01,2008,191,49,-1.40522,-4.85632,-0.00423,0.00012,0.00488,35.32,0.782,50.35,1.176,25.43,25.11,13.03,35.32,0,119.75361,16.92509,-1
01,2008,191,50,-1.68759,-4.74716,-0.00396,0.00012,0.00488,35.34,0.724,54.37,1.176,25.42,25.12,13.03,35.34,0,119.69443,17.18255,-1
01,2008,191,51,-1.99985,-4.73787,-0.00430,0.00012,0.00488,35.31,0.289,47.37,0.49,25.42,25.14,13.03,35.31,0,119.63438,17.43960,-1
01,2008,191,52,-1.99985,-4.76110,-0.00451,0.00012,0.00490,35.2,0.318,47.12,0.588,25.42,25.15,13.03,35.2,0,119.57347,17.69622,-1
01,2008,191,53,-1.98324,-4.96547,-0.00465,0.00012,0.00488,35.13,0.403,41.5,0.882,25.42,25.16,13.03,35.13,0,119.51170,17.95241,-1
01,2008,191,54,-1.75070,-4.97244,-0.00479,0.00012,0.00488,35.11,0.671,44.29,0.784,25.42,25.17,13.03,35.11,0,119.44907,18.20817,-1
01,2008,191,55,-1.76731,-4.79129,-0.00416,0.00012,0.00488,35.06,0.439,40.48,0.686,25.42,25.18,13.03,35.06,0,119.38558,18.46349,-1
01,2008,191,56,-1.79057,-4.74251,-0.00451,0.00012,0.00490,35.02,0.624,36.02,0.784,25.42,25.2,12.97,35.02,0,119.32124,18.71837,-1
01,2008,191,57,-1.65436,-4.73787,-0.00305,0.00012,0.00488,35.05,0.655,38.15,1.078,25.42,25.21,13.02,35.05,0,119.25605,18.97281,-1
01,2008,191,58,-1.59457,-4.566,-0.00319,0.00012,0.00490,35.08,0.332,38.29,0.49,25.41,25.21,13.03,35.08,0,119.19001,19.22679,-1
01,2008,191,59,-1.59789,-4.46614,-0.00285,0.00012,0.00490,35.04,0.415,39.67,0.686,25.41,25.21,13.03,35.04,0,119.12312,19.48032,-1
01,2008,191,100,-1.58792,-4.67051,-0.00361,0.00012,0.00488,35.07,0.408,37.35,0.588,25.41,25.21,13.03,35.07,0,119.05539,19.73339,-1
01,2008,191,101,-1.46168,-4.74483,-0.00298,0.00012,0.00488,35.09,0.578,48.6,0.784,25.41,25.2,13.03,35.09,0,118.98683,19.98600,-1
01,2008,191,102,-1.61782,-4.73786,-0.00271,0.00012,0.00490,35.09,0.712,51.02,1.078,25.41,25.19,13.03,35.09,0,118.91742,20.23814,-1
01,2008,191,103,-1.67097,-4.93760,-0.00312,0.00012,0.00488,35.09,0.528,51.98,0.882,25.41,25.18,13.03,35.09,0,118.84719,20.48981,-1
01,2008,191,104,-1.60453,-5.01656,-0.00298,0.00012,0.00490,34.95,0.786,51.54,0.98,25.41,25.17,13.03,34.95,0,118.77612,20.74101,-1
01,2008,191,105,-1.55803,-5.01656,-0.00271,0.00012,0.00488,34.96,0.923,47.61,1.078,25.41,25.16,13.03,34.96,0,118.70422,20.99172,-1
01,2008,191,106,-1.31552,-5.07462,-0.00264,0.00012,0.00490,35.05,1.147,52.66,1.47,25.41,25.16,13.03,35.05,0,118.63150,21.24196,-1
01,2008,191,107,-1.58459,-4.84467,-0.00326,0.00012,0.00493,34.96,0.581,57.59,1.274,25.41,25.17,13.03,34.96,0,118.55796,21.49171,-1
01,2008,191,108,-1.69089,-4.73782,-0.00257,0.00012,0.00494,34.54,0.559,63.35,0.882,25.41,25.17,13.03,34.54,0,118.48360,21.74096,-1
01,2008,191,109,-1.60784,-4.73783,-0.00319,0.00012,0.00495,34.29,0.693,61.47,0.98,25.41,25.18,13.03,34.29,0,118.40842,21.98973,-1
01,2008,191,110,-1.38859,-4.73782,-0.00319,0.00012,0.00491,34.22,1.067,57.56,1.47,25.41,25.19,13.03,34.22,0,118.33243,22.23800,-1
01,2008,191,111,-1.59122,-4.73779,-0.00298,0.00012,0.00493,34.31,1.104,59.28,1.47,25.41,25.2,13.03,34.31,0,118.25563,22.48577,-1
01,2008,191,112,-1.60451,-4.69368,-0.00312,0.00012,0.00491,34.36,0.768,65.98,1.078,25.41,25.21,13.03,34.36,0,118.17802,22.73303,-1
01,2008,191,113,-1.59455,-4.56130,-0.00278,0.00012,0.00495,34.17,0.681,67.86,0.98,25.41,25.22,13.03,34.17,0,118.09961,22.97979,-1
01,2008,191,114,-1.60450,-4.66346,-0.00243,0.00012,0.00490,34.09,0.851,70.34,1.078,25.4,25.24,13.03,34.09,0,118.02040,23.22604,-1
01,2008,191,115,-1.59786,-4.70991,-0.00243,0.00012,0.00495,34.07,1.107,68.19,1.274,25.4,25.25,13.03,34.07,0,117.94039,23.47177,-1
01,2008,191,116,-1.59787,-4.73779,-0.00201,0.00012,0.00490,34.13,1.112,68.15,1.372,25.4,25.26,13.03,34.13,0,117.85959,23.71699,-1
01,2008,191,117,-1.59787,-4.73780,-0.00222,0.00012,0.00493,34.29,0.853,68.08,1.078,25.4,25.27,13.03,34.29,0,117.77800,23.96169,-1
01,2008,191,118,-1.41184,-4.87948,-0.00187,0.00012,0.00490,34.39,0.758,65.97,0.98,25.4,25.27,13.03,34.39,0,117.69562,24.20587,-1
01,2008,191,119,-1.31549,-4.74243,-0.00201,0.00012,0.00494,34.4,0.995,55.6,1.176,25.4,25.27,13.03,34.4,0,117.61245,24.44953,-1
01,2008,191,120,-1.09957,-4.95842,-0.00167,0.00012,0.00493,34.46,1.295,48.33,1.568,25.4,25.26,13.03,34.46,0,117.52850,24.69265,-1
01,2008,191,121,-0.88696,-5.01649,-0.00139,0.00013,0.00501,34.64,1.449,48.03,1.764,25.4,25.25,13.04,34.64,0,117.44378,24.93525,-1
01,2008,191,122,-0.59131,-4.93289,-0.00187,0.00012,0.00493,34.77,1.48,48.52,1.862,25.4,25.23,13.04,34.77,0,117.35828,25.17732,-1
01,2008,191,123,-0.38867,-4.80980,-0.00201,0.00012,0.00491,34.79,1.416,44.19,1.568,25.4,25.22,13.04,34.79,0,117.27200,25.41885,-1
01,2008,191,124,-0.55477,-4.42193,-0.00187,0.00012,0.00491,34.79,1.267,47.83,1.47,25.4,25.21,13.04,34.79,0,117.18496,25.65984,-1
01,2008,191,125,-0.83381,-4.45212,-0.00180,0.00012,0.00497,34.83,1.076,39.91,1.47,25.4,25.2,13.04,34.83,0,117.09715,25.90030,-1
01,2008,191,126,-0.86371,-4.62632,-0.00180,0.00012,0.00491,34.92,1.008,44.47,1.372,25.4,25.2,13.04,34.92,0,117.00858,26.14021,-1
01,2008,191,127,-0.80724,-4.73780,-0.00153,0.00012,0.00495,34.93,1.053,48.04,1.372,25.4,25.2,13.04,34.93,0,116.91926,26.37957,-1
01,2008,191,128,-0.80724,-4.78890,-0.00111,0.00012,0.00490,34.88,0.938,51.69,1.372,25.4,25.21,13.04,34.88,0,116.82917,26.61839,-1
01,2008,191,129,-0.97998,-4.81907,-0.00125,0.00012,0.00493,34.72,1.001,56.99,1.372,25.4,25.21,13.04,34.72,0,116.73834,26.85667,-1
01,2008,191,130,-1.19591,-4.80745,-0.00097,0.00012,0.00498,34.63,1.053,51.17,1.568,25.39,25.22,13.04,34.63,0,116.64675,27.09439,-1
01,2008,191,131,-1.07299,-4.86088,-0.00111,0.00013,0.00501,34.66,1.001,47.06,1.372,25.39,25.23,13.04,34.66,0,116.55442,27.33156,-1
01,2008,191,132,-1.02981,-4.74709,-0.00132,0.00013,0.00509,34.59,0.903,36.93,1.47,25.39,25.24,13.04,34.59,0,116.46135,27.56817,-1
01,2008,191,133,-0.98995,-4.73781,-0.00132,0.00013,0.00501,34.66,1.205,39.28,1.47,25.39,25.25,13.03,34.66,0,116.36754,27.80423,-1
01,2008,191,134,-0.77069,-4.67507,-0.00187,0.00012,0.00495,34.79,1.088,38.16,1.568,25.39,25.26,13.03,34.79,0,116.27299,28.03973,-1
01,2008,191,135,-0.39531,-4.45909,-0.00132,0.00013,0.00501,34.82,0.644,40.16,1.078,25.39,25.26,13.03,34.82,0,116.17771,28.27467,-1
01,2008,191,136,-0.19600,-4.45910,-0.00153,0.00012,0.00499,34.77,0.952,36.56,1.176,25.39,25.27,13.03,34.77,0,116.08170,28.50905,-1
01,2008,191,137,-0.18603,-4.45910,-0.00132,0.00012,0.00494,34.78,0.952,38.97,1.274,25.4,25.28,13.03,34.78,0,115.98496,28.74286,-1
01,2008,191,138,-0.39532,-4.43356,-0.00111,0.00013,0.00503,34.71,0.647,51.27,1.078,25.39,25.28,13.03,34.71,0,115.88751,28.97612,-1
01,2008,191,139,-0.84378,-4.21987,-0.00090,0.00013,0.00502,34.51,0.51,54.64,0.784,25.39,25.28,13.03,34.51,0,115.78933,29.20880,-1
01,2008,191,140,-1.15272,-4.34761,-0.00076,0.00013,0.00517,34.37,0.521,57.01,0.686,25.39,25.27,13.03,34.37,0,115.69044,29.44092,-1
01,2008,191,141,-1.19591,-4.48001,-0.00062,0.00013,0.00503,34.21,0.568,50.5,0.784,25.39,25.26,13.04,34.21,0,115.59084,29.67247,-1
01,2008,191,142,-1.19590,-4.73081,-0.00076,0.00013,0.00514,34.03,0.547,54.93,0.882,25.39,25.25,13.04,34.03,0,115.49052,29.90346,-1
01,2008,191,143,-1.20254,-4.95840,-0.00069,0.00013,0.00509,33.96,0.679,44.22,1.078,25.39,25.24,13.04,33.96,0,115.38950,30.13387,-1
01,2008,191,144,-1.10953,-4.98861,-0.00062,0.00013,0.00507,33.97,0.31,43.34,0.882,25.39,25.22,13.04,33.97,0,115.28778,30.36370,-1
01,2008,191,145,-0.80391,-4.86785,-0.00111,0.00013,0.00506,33.93,0.466,43.56,0.784,25.39,25.21,13.04,33.93,0,115.18537,30.59297,-1
01,2008,191,146,-0.79727,-4.73780,-0.00090,0.00013,0.00506,33.92,0.554,31.12,0.686,25.39,25.21,13.04,33.92,0,115.08225,30.82166,-1
01,2008,191,147,-0.81056,-4.74707,-0.00056,0.00013,0.00517,33.94,0.413,32.91,0.686,25.38,25.21,13.04,33.94,0,114.97845,31.04978,-1
01,2008,191,148,-0.89693,-4.87247,-0.00035,0.00013,0.00507,33.95,0.407,46.33,0.784,25.38,25.21,13.04,33.95,0,114.87395,31.27732,-1
01,2008,191,149,-0.66439,-4.74008,-0.00076,0.00013,0.00514,33.96,0.559,49.26,0.882,25.38,25.22,13.04,33.96,0,114.76877,31.50428,-1
01,2008,191,150,-0.38867,-4.58447,-0.00062,0.00013,0.00512,34.01,0.407,47.65,0.588,25.39,25.22,13.04,34.01,0,114.66291,31.73067,-1
01,2008,191,151,-0.34548,-4.57517,-0.00056,0.00013,0.00521,34.05,0.23,49.11,0.392,25.39,25.23,13.04,34.05,0,114.55637,31.95648,-1
01,2008,191,152,-0.40527,-4.58677,-0.00042,0.00013,0.00509,34.04,0.157,55.66,0.392,25.39,25.24,13.04,34.04,0,114.44916,32.18171,-1
01,2008,191,153,-0.40527,-4.46368,-0.00056,0.00013,0.00503,34.05,0.214,51.93,0.392,25.39,25.25,13.03,34.05,0,114.34127,32.40636,-1
01,2008,191,154,-0.43850,-4.45906,-0.00097,0.00013,0.00510,34.05,0.098,48.05,0.098,25.39,25.26,13.03,34.05,0,114.23272,32.63043,-1
01,2008,191,155,-0.73747,-4.31274,-0.00062,0.00013,0.00509,34.03,0.098,48.1,0.098,25.39,25.27,13.03,34.03,0,114.12350,32.85392,-1
01,2008,191,156,-0.75408,-4.23841,-0.00076,0.00013,0.00517,33.97,0.098,48.13,0.098,25.38,25.28,12.97,33.97,0,114.01362,33.07683,-1
01,2008,191,157,-0.40528,-4.45209,-0.00076,0.00013,0.00516,33.9,0.098,49.94,0.098,25.38,25.29,13,33.9,0,113.90308,33.29916,-1
01,2008,191,158,-0.34548,-4.45906,-0.00062,0.00013,0.00503,33.84,0.098,59.04,0.098,25.38,25.29,13.03,33.84,0,113.79188,33.52090,-1
01,2008,191,159,-0.57137,-4.59839,-0.00069,0.00013,0.00507,33.79,0.098,59.06,0.098,25.38,25.29,13.03,33.79,0,113.68004,33.74207,-1
01,2008,191,200,-0.77733,-4.73774,-0.00083,0.00013,0.00516,33.79,0.105,58.19,0.294,25.38,25.29,13.03,33.79,0,113.56755,33.96265,-1
01,2008,191,201,-0.57470,-4.73776,-0.00056,0.00013,0.00537,33.91,0.462,55.69,0.686,25.38,25.28,13.03,33.91,0,113.45441,34.18266,-1
01,2008,191,202,-0.22257,-4.60537,-0.00035,0.00013,0.00510,34.04,0.889,56.54,1.274,25.39,25.27,13.02,34.04,0,113.34063,34.40208,-1
01,2008,191,203,-0.37870,-4.41492,-0.00076,0.00013,0.00514,34.13,0.866,58.75,1.176,25.39,25.26,13.02,34.13,0,113.22621,34.62091,-1
01,2008,191,204,-0.63449,-4.26860,-0.00049,0.00013,0.00506,34.1,0.554,64.35,0.686,25.39,25.25,13.03,34.1,0,113.11116,34.83917,-1
01,2008,191,205,-0.33219,-4.18035,-0.00083,0.00013,0.00510,33.94,0.518,72.66,0.686,25.39,25.24,13.03,33.94,0,112.99548,35.05685,-1
01,2008,191,206,0.34880,-4.18037,-0.00076,0.00013,0.00524,33.92,0.63,73.69,0.686,25.38,25.23,13.03,33.92,0,112.87917,35.27394,-1
01,2008,191,207,0.33552,-4.29184,-0.00042,0.00013,0.00512,33.84,0.449,76.02,0.686,25.38,25.23,13.03,33.84,0,112.76224,35.49045,-1
01,2008,191,208,-0.26243,-4.55659,-0.00062,0.00013,0.00507,33.89,0.444,77.69,0.686,25.38,25.23,13.03,33.89,0,112.64468,35.70638,-1
01,2008,191,209,-0.44514,-4.43584,-0.00056,0.00013,0.00514,33.96,0.557,74.21,0.686,25.38,25.24,13.03,33.96,0,112.52651,35.92173,-1
01,2008,191,210,-0.77069,-4.18037,-0.00042,0.00013,0.00525,34,0.361,77.6,0.588,25.38,25.24,13.03,34,0,112.40772,36.13649,-1
01,2008,191,211,-0.79726,-4.18965,-0.00056,0.00013,0.00514,34.02,0.294,77.36,0.49,25.38,25.25,13.03,34.02,0,112.28832,36.35068,-1
01,2008,191,212,-0.85373,-4.42652,-0.00062,0.00013,0.00509,34.08,0.209,77.29,0.392,25.38,25.26,13.03,34.08,0,112.16832,36.56429,-1
01,2008,191,213,-0.88031,-4.45903,-0.00035,0.00013,0.00525,34.1,0.098,77.31,0.098,25.37,25.27,13.03,34.1,0,112.04771,36.77731,-1
01,2008,191,214,-1.05305,-4.50783,-0.00021,0.00013,0.00524,34.03,0.098,77.29,0.098,25.37,25.28,13.03,34.03,0,111.92650,36.98976,-1
01,2008,191,215,-1.19589,-4.73775,-0.00035,0.00013,0.00539,33.96,0.098,78.42,0.098,25.37,25.29,13.03,33.96,0,111.80469,37.20163,-1
01,2008,191,216,-1.08627,-4.97229,-0.00042,0.00013,0.00520,33.9,0.436,88.4,0.784,25.37,25.29,13.03,33.9,0,111.68228,37.41292,-1
01,2008,191,217,-1.11949,-4.99786,-0.00028,0.00013,0.00513,33.74,0.098,89.5,0.098,25.37,25.3,13.03,33.74,0,111.55929,37.62363,-1
01,2008,191,218,-1.05970,-5.02342,-0.00042,0.00013,0.00526,33.6,0.451,91.8,0.784,25.37,25.31,13.03,33.6,0,111.43571,37.83377,-1
01,2008,191,219,-0.82052,-4.99321,-0.00028,0.00013,0.00521,33.41,0.844,89.7,1.078,25.37,25.31,13.03,33.41,0,111.31154,38.04333,-1
01,2008,191,220,-0.92350,-4.58447,-0.00021,0.00014,0.00541,33.65,0.601,118.5,1.274,25.37,25.3,13.03,33.65,0,111.18679,38.25231,-1
01,2008,191,221,-0.95672,-4.41959,-0.00049,0.00014,0.00547,33.81,0.276,125,0.784,25.37,25.29,13.03,33.81,0,111.06146,38.46072,-1
01,2008,191,222,-1.40185,-4.28253,-0.00028,0.00014,0.00554,33.56,0.098,140,0.098,25.36,25.28,13.03,33.56,0,110.93556,38.66855,-1
01,2008,191,223,-1.60116,-4.60300,-0.00021,0.00014,0.00570,33.48,0.098,127.4,0.098,25.36,25.27,13.03,33.48,0,110.80909,38.87582,-1
01,2008,191,224,-1.45499,-4.96065,-0.00014,0.00014,0.00552,33.45,0.098,137,0.098,25.36,25.25,13.04,33.45,0,110.68204,39.08251,-1
01,2008,191,225,-1.19921,-4.88170,-0.00028,0.00014,0.00559,33.42,0.108,153.5,0.49,25.36,25.24,13.04,33.42,0,110.55444,39.28863,-1
01,2008,191,226,-1.09623,-4.92584,-0.00014,0.00014,0.00563,33.68,0.833,160.7,1.274,25.36,25.22,13.04,33.68,0,110.42627,39.49417,-1
01,2008,191,227,-0.69096,-4.38706,-0.00007,0.00014,0.00567,34.03,0.449,168.6,0.784,25.36,25.22,13.04,34.03,0,110.29754,39.69915,-1
01,2008,191,228,-0.79394,-3.98761,-0.00007,0.00014,0.00560,33.81,0.098,176.5,0.098,25.36,25.22,13.04,33.81,0,110.16825,39.90356,-1
01,2008,191,229,-0.81055,-3.82271,-0.00021,0.00015,0.00589,33.71,0.098,171.1,0.098,25.36,25.22,13.04,33.71,0,110.03842,40.10741,-1
01,2008,191,230,-0.63117,-3.66478,-0.00014,0.00015,0.00587,33.64,0.315,167.4,0.784,25.35,25.23,13.04,33.64,0,109.90803,40.31068,-1
01,2008,191,231,-0.60791,-3.62297,-0.00014,0.00014,0.00579,33.74,0.284,164.2,0.588,25.35,25.24,13.03,33.74,0,109.77710,40.51340,-1
01,2008,191,232,-0.78729,-3.69960,-0.00014,0.00014,0.00574,33.73,0.413,167.8,0.98,25.35,25.24,13.03,33.73,0,109.64563,40.71554,-1
01,2008,191,233,-0.71753,-3.79946,-0.00035,0.00015,0.00597,33.73,0.464,163.1,0.882,25.35,25.25,13.03,33.73,0,109.51361,40.91713,-1
01,2008,191,234,-0.53814,-3.68330,-0.00007,0.00014,0.00579,33.6,0.568,150.3,1.764,25.35,25.26,13.03,33.6,0,109.38106,41.11815,-1
01,2008,191,235,-0.34547,-3.66472,0,0.00015,0.00582,33.65,0.792,146.8,1.666,25.35,25.27,13.03,33.65,0,109.24798,41.31862,-1
01,2008,191,236,-0.01329,-3.39068,-0.00028,0.00015,0.00596,33.58,1.091,158,2.156,25.35,25.27,13.03,33.58,0,109.11436,41.51852,-1
01,2008,191,237,0.26243,-3.34425,-0.00007,0.00014,0.00569,33.75,1.499,170.4,2.254,25.35,25.28,13.03,33.75,0,108.98022,41.71787,-1
01,2008,191,238,0.84044,-3.34426,-0.00007,0.00014,0.00563,33.87,1.313,164.1,1.96,25.35,25.29,13.03,33.87,0,108.84555,41.91666,-1
01,2008,191,239,1.36862,-3.30710,-0.00007,0.00014,0.00579,33.97,1.441,168.9,2.058,25.35,25.29,13.03,33.97,0,108.71036,42.11490,-1
01,2008,191,240,1.93002,-3.43019,-0.00007,0.00014,0.00567,34.01,1.437,164.5,2.352,25.35,25.29,13.03,34.01,0,108.57466,42.31258,-1
01,2008,191,241,2.41171,-3.30479,-0.00014,0.00015,0.00590,34.13,1.659,163.5,2.352,25.35,25.29,13.03,34.13,0,108.43844,42.50971,-1
01,2008,191,242,2.78708,-2.83334,-0.00014,0.00015,0.00596,34.27,1.47,161.5,1.96,25.35,25.28,13.03,34.27,0,108.30171,42.70629,-1
01,2008,191,243,2.87677,-2.75438,0,0.00015,0.00582,34.17,1.447,159,2.156,25.35,25.27,13.03,34.17,0,108.16446,42.90232,-1
01,2008,191,244,2.77713,-2.32939,-0.00014,0.00014,0.00570,34.15,1.532,159.3,2.352,25.35,25.26,13.04,34.15,0,108.02672,43.09781,-1
01,2008,191,245,2.97644,-2.38977,-0.00007,0.00014,0.00577,34.18,1.295,158.8,1.764,25.35,25.24,13.04,34.18,0,107.88847,43.29275,-1
01,2008,191,246,3.19234,-2.28059,-0.00014,0.00015,0.00586,34.15,1.199,162.8,1.568,25.35,25.23,13.04,34.15,0,107.74971,43.48714,-1
01,2008,191,247,3.18901,-2.11106,-0.00007,0.00014,0.00571,34.11,0.998,162,1.372,25.35,25.22,13.04,34.11,0,107.61047,43.68099,-1
01,2008,191,248,3.21891,-1.94617,-0.00014,0.00014,0.00547,34.11,1.204,160.1,1.47,25.36,25.21,13.04,34.11,0,107.47073,43.87430,-1
01,2008,191,249,3.17243,-1.74181,0,0.00014,0.00574,34.13,1.08,160.2,1.372,25.35,25.22,13.04,34.13,0,107.33050,44.06707,-1
01,2008,191,250,3.18571,-2.04604,-0.00014,0.00014,0.00564,34.15,0.844,163.4,1.47,25.35,25.22,13.04,34.15,0,107.18978,44.25930,-1
01,2008,191,251,3.11927,-1.91599,0,0.00014,0.00560,34.13,0.916,162.3,1.274,25.36,25.22,13.04,34.13,0,107.04857,44.45100,-1
01,2008,191,252,2.82693,-1.80682,-0.00021,0.00014,0.00569,34.14,0.838,166.9,1.176,25.36,25.23,13.03,34.14,0,106.90688,44.64216,-1
01,2008,191,253,2.41168,-1.76037,-0.00014,0.00014,0.00573,34.14,0.794,165.8,1.47,25.36,25.24,13.03,34.14,0,106.76472,44.83279,-1
01,2008,191,254,2.40834,-1.85092,-0.00014,0.00014,0.00564,34.09,0.962,167.6,1.372,25.36,25.24,13.03,34.09,0,106.62207,45.02289,-1
01,2008,191,255,2.50800,-1.98795,-0.00007,0.00015,0.00582,34.02,0.652,163.6,1.078,25.35,25.25,13.03,34.02,0,106.47896,45.21246,-1
01,2008,191,256,2.44158,-2.28058,-0.00007,0.00015,0.00582,34,0.586,159.1,1.078,25.35,25.26,12.97,34,0,106.33537,45.40150,-1
01,2008,191,257,2.38179,-2.67075,-0.00007,0.00014,0.00574,34,0.565,144.5,0.784,25.35,25.26,13.02,34,0,106.19132,45.59002,-1
01,2008,191,258,2.40172,-3.06323,-0.00007,0.00015,0.00585,34.02,0.443,147.6,0.784,25.35,25.27,13.03,34.02,0,106.04680,45.77801,-1
01,2008,191,259,2.20572,-3.06323,0,0.00014,0.00567,34,0.186,152.9,0.686,25.35,25.28,13.03,34,0,105.90182,45.96548,-1
01,2008,191,300,1.93665,-3.10968,-0.00007,0.00014,0.00566,34.02,0.258,143.9,0.392,25.35,25.29,13.03,34.02,0,105.75638,46.15243,-1
01,2008,191,301,1.83035,-3.10503,0,0.00014,0.00571,33.98,0.114,149.8,0.294,25.35,25.29,13.02,33.98,0,105.61048,46.33886,-1
01,2008,191,302,1.38191,-3.02376,-0.00007,0.00015,0.00592,33.92,0.098,157.2,0.098,25.35,25.29,13.02,33.92,0,105.46413,46.52478,-1
01,2008,191,303,1.13941,-3.10738,-0.00014,0.00015,0.00588,33.85,0.098,160,0.098,25.35,25.28,13.02,33.85,0,105.31733,46.71018,-1
01,2008,191,304,1.12611,-3.34423,-0.00014,0.00015,0.00598,33.79,0.098,119.8,0.098,25.35,25.27,13.02,33.79,0,105.17008,46.89507,-1
01,2008,191,305,1.19587,-3.62988,0,0.00015,0.00582,33.75,0.098,27.78,0.098,25.35,25.26,13.03,33.75,0,105.02239,47.07945,-1
01,2008,191,306,1.11283,-3.90160,-0.00007,0.00015,0.00586,33.77,0.17,27.27,0.392,25.35,25.25,13.03,33.77,0,104.87425,47.26332,-1
01,2008,191,307,0.86701,-3.74368,-0.00007,0.00014,0.00567,33.82,0.162,23.69,0.49,25.36,25.24,13.03,33.82,0,104.72568,47.44669,-1
01,2008,191,308,0.55475,-3.79245,-0.00007,0.00014,0.00569,33.8,0.176,27.33,0.588,25.36,25.23,13.03,33.8,0,104.57667,47.62955,-1
01,2008,191,309,0.38866,-3.72510,-0.00007,0.00014,0.00556,33.84,0.666,26.53,0.98,25.36,25.23,13.03,33.84,0,104.42722,47.81191,-1
01,2008,191,310,0.28568,-3.62059,-0.00007,0.00014,0.00566,33.9,0.274,31.03,0.686,25.36,25.23,13.03,33.9,0,104.27734,47.99377,-1
01,2008,191,311,-0.03654,-3.73204,0,0.00014,0.00567,33.81,0.608,44.41,1.078,25.36,25.24,13.03,33.81,0,104.12703,48.17513,-1
01,2008,191,312,-0.36208,-3.97359,-0.00021,0.00014,0.00554,33.71,0.539,46.31,0.98,25.36,25.24,13.03,33.71,0,103.97630,48.35599,-1
01,2008,191,313,-0.56140,-4.18030,-0.00007,0.00014,0.00567,33.68,0.281,53.47,0.588,25.36,25.25,13.03,33.68,0,103.82514,48.53636,-1
01,2008,191,314,-0.59462,-4.05953,0,0.00014,0.00578,33.65,0.26,44.83,0.784,25.36,25.26,13.03,33.65,0,103.67357,48.71624,-1
01,2008,191,315,-0.41524,-3.90626,0,0.00014,0.00577,33.64,0.519,40.07,0.98,25.36,25.27,13.03,33.64,0,103.52157,48.89563,-1
01,2008,191,316,-0.61455,-4.02241,-0.00007,0.00014,0.00573,33.59,0.359,48.57,0.98,25.36,25.27,13.03,33.59,0,103.36916,49.07453,-1
01,2008,191,317,-0.88695,-4.07349,-0.00007,0.00015,0.00581,33.5,0.412,57.62,1.078,25.36,25.28,13.03,33.5,0,103.21634,49.25294,-1
01,2008,191,318,-0.97332,-3.94576,-0.00021,0.00014,0.00567,33.41,1.4,52.3,1.666,25.35,25.29,13.03,33.41,0,103.06310,49.43088,-1
01,2008,191,319,-1.01318,-4.08277,-0.00028,0.00014,0.00563,33.29,0.965,57.96,1.47,25.35,25.29,13.03,33.29,0,102.90946,49.60833,-1
01,2008,191,320,-1.28557,-4.18031,-0.00028,0.00014,0.00554,33.08,0.8,66.73,0.98,25.35,25.3,13.03,33.08,0,102.75541,49.78530,-1
01,2008,191,321,-1.28557,-4.42881,-0.00014,0.00014,0.00570,32.91,0.769,62.79,1.372,25.35,25.31,13.03,32.91,0,102.60096,49.96179,-1
01,2008,191,322,-1.21250,-4.47063,-0.00014,0.00014,0.00579,32.88,1.166,56.26,1.47,25.35,25.31,13.03,32.88,0,102.44611,50.13781,-1
01,2008,191,323,-1.20253,-4.45903,-0.00007,0.00014,0.00575,32.89,1.194,54.43,1.47,25.35,25.31,13.03,32.89,0,102.29087,50.31336,-1
01,2008,191,324,-1.28557,-4.35448,-0.00007,0.00014,0.00563,32.89,0.996,55.2,1.47,25.35,25.31,13.03,32.89,0,102.13523,50.48844,-1
01,2008,191,325,-1.34204,-4.36145,-0.00007,0.00014,0.00566,33.11,1.354,53.45,1.568,25.35,25.3,13.03,33.11,0,101.97919,50.66305,-1
01,2008,191,326,-0.83380,-4.33825,-0.00021,0.00014,0.00563,33.38,1.436,54.6,1.666,25.35,25.29,13.03,33.38,0,101.82277,50.83719,-1
01,2008,191,327,-0.20596,-4.13388,0,0.00014,0.00577,33.46,1.21,56.89,1.568,25.36,25.27,13.03,33.46,0,101.66595,51.01087,-1
01,2008,191,328,0.08305,-3.95040,-0.00021,0.00013,0.00539,33.43,1.477,53.85,1.96,25.36,25.26,13.03,33.43,0,101.50876,51.18409,-1
01,2008,191,329,0.22589,-4.18028,-0.00035,0.00014,0.00543,33.66,1.98,48.07,2.352,25.36,25.24,13.04,33.66,0,101.35118,51.35685,-1
01,2008,191,330,0.32554,-4.18029,-0.00014,0.00014,0.00547,33.96,1.705,47.88,2.058,25.37,25.24,13.04,33.96,0,101.19322,51.52915,-1
01,2008,191,331,0.49828,-3.97827,-0.00021,0.00013,0.00528,34.05,1.116,49.22,1.47,25.37,25.23,13.03,34.05,0,101.03488,51.70100,-1
01,2008,191,332,0.43185,-3.42786,-0.00014,0.00013,0.00535,34.15,1.073,47.11,1.274,25.37,25.24,13.03,34.15,0,100.87617,51.87240,-1
01,2008,191,333,-0.20596,-3.11201,-0.00028,0.00013,0.00525,34.13,1.205,45.59,1.47,25.37,25.24,13.03,34.13,0,100.71708,52.04334,-1
01,2008,191,334,-0.41524,-3.16777,-0.00042,0.00013,0.00539,34.08,1.331,47.08,1.568,25.37,25.24,13.03,34.08,0,100.55762,52.21384,-1
01,2008,191,335,0.06976,-3.47664,-0.00028,0.00013,0.00526,34.27,1.485,42.39,1.764,25.37,25.25,13.03,34.27,0,100.39780,52.38389,-1
01,2008,191,336,0.49164,-3.61596,-0.00062,0.00013,0.00517,34.5,1.411,35.08,1.862,25.38,25.26,13.03,34.5,0,100.23761,52.55351,-1
01,2008,191,337,0.37870,-3.24672,-0.00021,0.00013,0.00533,34.51,1.186,29.8,1.568,25.38,25.26,13.03,34.51,0,100.07705,52.72268,-1
01,2008,191,338,0.12291,-3.19331,-0.00042,0.00013,0.00510,34.33,0.838,43.8,1.078,25.37,25.27,13.03,34.33,0,99.91614,52.89141,-1
01,2008,191,339,0.07308,-3.56724,-0.00028,0.00013,0.00521,34.29,0.199,41.56,0.588,25.37,25.27,13.03,34.29,0,99.75487,53.05970,-1
01,2008,191,340,-0.12291,-3.66245,-0.00042,0.00013,0.00512,34.18,0.178,55.12,0.49,25.37,25.28,13.03,34.18,0,99.59324,53.22756,-1
01,2008,191,341,-0.46174,-3.88537,-0.00007,0.00013,0.00537,34.07,0.443,56.36,0.784,25.37,25.29,13.03,34.07,0,99.43125,53.39499,-1
01,2008,191,342,-0.74410,-4.01310,-0.00021,0.00013,0.00526,34.08,0.514,59.05,0.686,25.37,25.29,13.03,34.08,0,99.26892,53.56200,-1
01,2008,191,343,-0.98992,-4.05722,-0.00007,0.00013,0.00521,33.96,0.991,66.29,1.176,25.37,25.29,13.03,33.96,0,99.10623,53.72857,-1
01,2008,191,344,-1.19920,-4.1594,-0.00014,0.00013,0.00536,33.35,1.189,72.05,1.47,25.37,25.29,13.03,33.35,0,98.94320,53.89472,-1
01,2008,191,345,-1.19588,-4.04328,-0.00007,0.00013,0.00525,32.86,1.022,72.95,1.176,25.37,25.29,13.03,32.86,0,98.77982,54.06045,-1
01,2008,191,346,-1.10619,-4.12921,-0.00021,0.00013,0.00529,32.59,0.701,72.77,1.078,25.37,25.28,13.03,32.59,0,98.61610,54.22576,-1
01,2008,191,347,-0.94673,-4.18028,-0.00007,0.00014,0.00541,32.49,0.469,79.06,0.686,25.36,25.27,13.03,32.49,0,98.45204,54.39065,-1
01,2008,191,348,-0.92680,-4.18491,-0.00014,0.00014,0.00554,32.55,0.632,83.7,0.784,25.36,25.26,13.03,32.55,0,98.28764,54.55513,-1
01,2008,191,349,-0.80057,-4.44737,-0.00021,0.00014,0.00551,32.52,0.871,83.6,1.176,25.36,25.24,13.04,32.52,0,98.12291,54.71919,-1
01,2008,191,350,-0.81386,-4.43809,0,0.00014,0.00552,32.55,1.338,81.3,1.764,25.36,25.22,13.04,32.55,0,97.95784,54.88285,-1
01,2008,191,351,-0.97663,-4.45899,-0.00007,0.00014,0.00570,32.75,1.655,83.4,1.862,25.36,25.21,13.04,32.75,0,97.79243,55.04610,-1
01,2008,191,352,-1.01981,-4.45432,-0.00007,0.00014,0.00569,32.65,1.552,88.4,1.666,25.36,25.21,13.04,32.65,0,97.62670,55.20894,-1
01,2008,191,353,-1.19255,-4.45895,-0.00007,0.00014,0.00569,32.64,1.61,89,1.862,25.36,25.21,13.04,32.64,0,97.46065,55.37138,-1
01,2008,191,354,-1.18591,-4.45899,-0.00007,0.00014,0.00567,32.7,1.746,86.8,1.862,25.36,25.21,13.04,32.7,0,97.29426,55.53342,-1
01,2008,191,355,-1.00985,-4.459,0.00007,0.00015,0.00600,32.76,1.593,82.7,1.764,25.36,25.21,13.04,32.76,0,97.12756,55.69506,-1
01,2008,191,356,-1.22911,-4.27091,-0.00007,0.00015,0.00589,32.66,1.295,79.85,1.568,25.36,25.22,12.97,32.66,0,96.96053,55.85630,-1
01,2008,191,357,-1.54469,-4.16874,0,0.00015,0.00608,32.4,1.168,84.3,1.568,25.35,25.22,13.02,32.4,0,96.79318,56.01716,-1
01,2008,191,358,-1.86028,-4.35686,0,0.00015,0.00619,32.25,1.661,83.6,1.96,25.35,25.23,13.03,32.25,0,96.62552,56.17762,-1
01,2008,191,359,-1.61777,-4.68431,0.00007,0.00016,0.00620,32.38,1.852,79.7,2.058,25.35,25.24,13.03,32.38,0,96.45754,56.33769,-1
01,2008,191,400,-1.08959,-4.72379,0.00021,0.00016,0.00623,32.46,1.96,86,2.45,25.35,25.24,13.03,32.46,0,96.28925,56.49738,-1
01,2008,191,401,-0.46839,-4.73075,0.00049,0.00016,0.00640,32.44,2.104,91.3,2.646,25.35,25.25,13.02,32.44,0,96.12065,56.65668,-1
01,2008,191,402,-0.11959,-4.46831,0.00062,0.00016,0.00639,32.46,1.552,92.2,1.862,25.35,25.26,13.02,32.46,0,95.95174,56.81560,-1
01,2008,191,403,0.35877,-4.45902,0.00153,0.00016,0.00647,32.41,1.888,92,2.842,25.35,25.26,13.02,32.41,0,95.78252,56.97415,-1
01,2008,191,404,0.81387,-4.78186,0.00347,0.00016,0.00649,32.44,2.292,87.7,2.842,25.35,25.27,13.02,32.44,0,95.61300,57.13231,-1
01,2008,191,405,0.90689,-4.95605,0.00423,0.00016,0.00651,32.27,1.816,85.7,2.352,25.36,25.27,13.03,32.27,0,95.44317,57.29011,-1
01,2008,191,406,0.57802,-4.69596,0.00708,0.00016,0.00650,32.16,2.198,87.2,2.94,25.36,25.27,13.03,32.16,0,95.27305,57.44753,-1
01,2008,191,407,0.39863,-4.27096,0.00805,0.00016,0.00651,32.14,2.174,87.9,2.548,25.36,25.26,13.03,32.14,0,95.10263,57.60459,-1
01,2008,191,408,0.54812,-4.12930,0.00840,0.00016,0.00651,32.2,2.69,88.9,3.626,25.36,25.25,13.03,32.2,0,94.93191,57.76127,-1
01,2008,191,409,0.79394,-4.20824,0.00951,0.00016,0.00651,32.25,2.715,92.8,3.528,25.36,25.24,13.03,32.25,0,94.76089,57.91760,-1
01,2008,191,410,0.79394,-4.36151,0.01270,0.00016,0.00654,32.23,2.595,92.7,3.234,25.37,25.23,13.03,32.23,0,94.58959,58.07356,-1
01,2008,191,411,0.79726,-4.05724,0.01645,0.00017,0.00692,32.26,2.376,89.4,3.234,25.37,25.21,13.03,32.26,0,94.41799,58.22916,-1
01,2008,191,412,1.01318,-4.02936,0.01798,0.00020,0.00788,32.22,2.212,83.3,2.94,25.37,25.2,13.03,32.22,0,94.24610,58.38441,-1
01,2008,191,413,0.99657,-4.08974,0.02353,0.00020,0.00811,32.32,2.308,80.3,3.332,25.37,25.2,13.03,32.32,0,94.07393,58.53930,-1
01,2008,191,414,0.62119,-3.73439,0.02603,0.00020,0.00814,32.18,1.913,73.4,2.156,25.37,25.2,13.03,32.18,0,93.90147,58.69384,-1
01,2008,191,415,0.05979,-3.44408,0.03227,0.00020,0.00820,32.05,2.21,66.51,3.136,25.37,25.2,13.03,32.05,0,93.72873,58.84803,-1
01,2008,191,416,-0.00332,-3.54163,0.03935,0.00023,0.00928,32.15,1.932,63.39,2.352,25.37,25.21,13.03,32.15,0,93.55571,59.00187,-1
01,2008,191,417,0.02325,-3.46963,0.04477,0.00024,0.00977,32.16,1.774,66.4,2.254,25.37,25.21,13.03,32.16,0,93.38241,59.15537,-1
01,2008,191,418,-0.00332,-3.26991,0.05289,0.00025,0.01011,32.21,1.751,62.1,2.254,25.37,25.21,13.03,32.21,0,93.20883,59.30853,-1
01,2008,191,419,-0.00332,-3.49753,0.06226,0.00028,0.01138,32.18,1.944,58.49,2.548,25.37,25.22,13.03,32.18,0,93.03497,59.46134,-1
01,2008,191,420,0.09633,-3.43484,0.07294,0.00030,0.01210,32.12,1.989,72.9,3.332,25.37,25.22,13.03,32.12,0,92.86084,59.61382,-1
01,2008,191,421,-0.38866,-2.96108,0.08523,0.00033,0.01311,31.95,1.238,68.83,1.96,25.37,25.23,13.03,31.95,0,92.68645,59.76597,-1
01,2008,191,422,-0.79726,-2.98430,0.09814,0.00036,0.01455,32.13,1.63,63.34,2.156,25.37,25.24,13.03,32.13,0,92.51178,59.91778,-1
01,2008,191,423,-0.49829,-3.06558,0.11257,0.00039,0.01574,32.18,2.375,65.82,2.94,25.37,25.24,13.03,32.18,0,92.33684,60.06927,-1
01,2008,191,424,-0.03322,-3.00751,0.12895,0.00043,0.01708,32.35,1.604,66.84,2.254,25.37,25.25,13.03,32.35,0,92.16163,60.22042,-1
01,2008,191,425,-0.05315,-2.58019,0.14804,0.00047,0.01875,32.09,1.663,67.6,2.058,25.37,25.25,13.03,32.09,0,91.98616,60.37125,63.61969
01,2008,191,426,-0.48832,-1.91366,0.16935,0.00051,0.02046,31.84,2.117,69.55,2.646,25.37,25.26,13.03,31.84,0,91.81043,60.52176,64.78598
01,2008,191,427,-0.95671,-1.41202,0.19274,0.00056,0.02224,31.62,1.986,70.45,2.45,25.37,25.26,13.03,31.62,0,91.63444,60.67195,64.52598
01,2008,191,428,-1.46497,-1.00793,0.21828,0.00062,0.02471,31.36,2.153,68.28,2.94,25.36,25.26,13.03,31.36,0,91.45819,60.82182,63.05515
01,2008,191,429,-1.90679,-0.81982,0.24583,0.00067,0.02693,31.47,2.21,69.57,2.646,25.36,25.26,13.03,31.47,0,91.28168,60.97138,60.67354
01,2008,191,430,-1.69419,-0.55971,0.27734,0.00074,0.02966,31.5,1.61,75.92,2.058,25.36,25.25,13.03,31.5,0,91.10491,61.12062,57.69344
01,2008,191,431,-1.59454,-0.21831,0.31017,0.00081,0.03237,31.37,1.483,81.8,1.96,25.35,25.23,13.03,31.37,0,90.92789,61.26955,54.38937
01,2008,191,432,-1.70416,0.18579,0.34501,0.00088,0.03535,31.3,1.784,75.2,2.45,25.35,25.22,13.04,31.3,0,90.75062,61.41818,50.97533
01,2008,191,433,-1.71080,0.46913,0.38290,0.00097,0.03866,31.58,1.942,84,2.548,25.35,25.2,13.04,31.58,0,90.57309,61.56650,47.60243
01,2008,191,434,-1.19590,0.76640,0.42378,0.00105,0.04212,31.9,1.921,88.6,2.548,25.35,25.19,13.04,31.9,0.76640,89.90552,61.71451,36.54508
01,2008,191,435,-0.40528,1.26109,0.46584,0.00114,0.04555,31.91,1.565,88.5,2.058,25.35,25.19,13.04,31.91,1.26109,89.75308,61.86223,34.46142
01,2008,191,436,-0.24915,2.07162,0.51130,0.00124,0.04946,31.78,1.97,79.79,2.45,25.35,25.18,13.04,31.78,2.07162,89.59913,62.00965,32.51856
01,2008,191,437,0.07973,2.63366,0.55850,0.00134,0.05342,32.07,2.594,86.6,3.332,25.35,25.18,13.04,32.07,2.6329,89.44355,62.15677,30.71019
01,2008,191,438,0.75741,3.70431,0.60847,0.00144,0.05768,32.24,2.082,91,2.548,25.35,25.19,13.04,32.24,3.6949,89.28630,62.30360,29.02949
01,2008,191,439,1.29557,4.74478,0.65990,0.00155,0.06207,32.41,1.529,97,2.352,25.35,25.19,13.04,32.41,4.7250,89.12739,62.45014,27.46921
01,2008,191,440,1.22913,5.77363,0.71611,0.00167,0.06674,32.33,1.535,93.1,2.94,25.36,25.2,13.03,32.33,5.7515,88.96688,62.59640,26.02188
01,2008,191,441,1.20256,6.86288,0.77254,0.00179,0.07164,32.25,1.218,113.6,1.862,25.35,25.2,13.03,32.25,6.8378,88.80482,62.74236,24.67992
01,2008,191,442,1.50154,7.79419,0.83209,0.00192,0.07667,32.38,1.07,97.5,1.372,25.36,25.21,13.03,32.38,7.7586,88.64131,62.88804,23.43585
01,2008,191,443,1.62445,8.88343,0.89393,0.00205,0.08191,32.23,1.336,97.8,1.764,25.35,25.22,13.03,32.23,8.8402,88.47642,63.03345,22.28238
01,2008,191,444,1.84371,9.87513,0.95764,0.00218,0.08717,32.26,0.933,94.6,1.274,25.35,25.22,13.03,32.26,9.8208,88.31024,63.17857,21.21252
01,2008,191,445,2.16926,10.77394,1.02412,0.00232,0.09294,32.22,0.813,98.4,1.372,25.35,25.23,13.03,32.22,10.7036,88.14285,63.32342,20.21964
01,2008,191,446,4.82354,11.83995,1.09353,0.00247,0.09876,32.11,0.696,99.1,0.98,25.35,25.23,13.03,32.11,11.6695,87.97434,63.46799,19.29751
01,2008,191,447,33.41267,14.52706,1.16481,0.00262,0.10491,32.05,0.725,100.7,1.078,25.35,25.24,13.03,32.05,13.2472,87.80477,63.61230,18.44034
01,2008,191,448,79.13335,18.43579,1.23721,0.00278,0.11125,32.08,0.428,83.6,1.078,25.35,25.25,13.03,32.08,15.1692,87.63421,63.75633,17.64275
01,2008,191,449,104.46370,21.07645,1.31154,0.00294,0.11762,32.29,0.694,111.8,1.078,25.35,25.25,13.03,32.29,16.4519,87.46273,63.90010,16.89981
01,2008,191,450,111.80870,22.63484,1.38844,0.00310,0.12416,32.36,0.162,139.7,0.588,25.35,25.25,13.03,32.36,17.3492,87.29039,64.04360,16.20698
01,2008,191,451,114.38320,24.02834,1.46660,0.00327,0.13093,32.53,0.875,139.1,1.176,25.35,25.25,13.03,32.53,18.2757,87.11725,64.18685,15.56011
01,2008,191,452,120.85120,25.35447,1.54627,0.00345,0.13784,32.7,0.854,135.8,1.47,25.36,25.24,13.03,32.7,18.9103,86.94334,64.32984,14.95541
01,2008,191,453,129.55150,27.0708,1.62746,0.00362,0.14495,32.84,0.768,148.6,1.47,25.36,25.22,13.03,32.84,19.7684,86.76872,64.47256,14.38943
01,2008,191,454,140.66930,29.46503,1.71193,0.00380,0.15218,32.9,0.915,158.1,1.47,25.36,25.21,13.04,32.9,21.1063,86.59342,64.61504,13.85903
01,2008,191,455,150.42890,31.86638,1.79702,0.00399,0.15968,33.14,1.173,153.9,1.764,25.36,25.19,13.04,33.14,22.4667,86.41750,64.75726,13.36135
01,2008,191,456,156.08550,33.67079,1.88295,0.00418,0.16717,33.27,0.874,162.6,1.176,25.37,25.18,12.97,33.27,23.4377,86.24097,64.89924,12.89378
01,2008,191,457,163.96880,35.21062,1.97137,0.00437,0.17496,33.35,1.07,160.4,1.764,25.37,25.18,13.02,33.35,23.9551,86.06386,65.04097,12.45398
01,2008,191,458,178.50920,37.54239,2.06207,0.00457,0.18291,33.39,0.903,156.1,1.176,25.37,25.18,13.03,33.39,24.7366,85.88622,65.18245,12.03978
01,2008,191,459,187.14870,40.36398,2.15452,0.00478,0.19112,33.39,1.093,168.3,1.568,25.37,25.18,13.03,33.39,26.3581,85.70807,65.32370,11.64922
01,2008,191,500,180.24580,41.52288,2.24759,0.00499,0.19945,33.34,1.369,169.2,1.666,25.37,25.19,13.03,33.34,27.4732,85.52942,65.46470,11.28054
01,2008,191,501,189.25540,42.09201,2.34553,0.00520,0.20810,33.33,1.428,20.86,1.96,25.37,25.19,13.03,33.33,26.7503,85.35030,65.60547,10.93209
01,2008,191,502,215.12390,40.66145,2.44429,0.00543,0.21716,33.39,1.8,168.3,2.646,25.37,25.2,13.02,33.39,22.5508,85.17073,65.74601,10.60241
01,2008,191,503,225.02360,37.79093,2.54611,0.00565,0.22611,33.41,1.263,9.55,1.862,25.38,25.21,13.02,33.41,18.1426,84.99073,65.88631,10.29013
01,2008,191,504,216.35710,37.86765,2.64598,0.00588,0.23520,33.37,1.682,27.89,2.058,25.38,25.21,13.02,33.37,18.2974,84.81032,66.02638,9.99403
01,2008,191,505,160.26530,45.3157,2.74718,0.00611,0.24421,33.42,1.517,4.159,2.254,25.39,25.22,13.03,33.42,30.3156,84.62951,66.16623,9.71297
01,2008,191,506,101.84120,54.28944,2.85029,0.00634,0.25360,33.43,1.823,17.09,2.352,25.39,25.23,13.03,33.43,44.4370,84.44831,66.30585,9.44592
01,2008,191,507,118.90970,54.70291,2.95766,0.00659,0.26351,33.49,2.51,9.75,3.038,25.39,25.24,13.03,33.49,42.8242,84.26675,66.44525,9.19194
01,2008,191,508,211.55290,58.16345,3.06698,0.00684,0.27345,33.54,1.922,13.7,2.842,25.39,25.25,13.03,33.54,36.3617,84.08483,66.58443,8.95014
01,2008,191,509,270.39220,65.06361,3.17461,0.00709,0.28342,33.58,1.833,22.08,2.254,25.4,25.25,13.03,33.58,36.3427,83.90256,66.72340,8.71974
01,2008,191,510,264.15370,68.88409,3.28524,0.00734,0.29350,33.57,1.666,17.71,2.156,25.4,25.26,13.03,33.57,39.9888,83.71996,66.86215,8.50000
01,2008,191,511,266.14070,71.46677,3.39664,0.00760,0.30414,33.65,2.403,9.52,3.038,25.4,25.27,13.03,33.65,41.5097,83.53703,67.00069,8.29023
01,2008,191,512,292.275,73.9124,3.50894,0.00786,0.31455,33.68,2.432,9.59,3.528,25.41,25.27,13.03,33.68,40.0850,83.35379,67.13902,8.08983
01,2008,191,513,305.76580,76.62043,3.62333,0.00813,0.32535,33.7,1.942,10.54,3.626,25.41,25.26,13.03,33.7,40.2589,83.17024,67.27714,7.89820
01,2008,191,514,311.60050,79.4185,3.73847,0.00840,0.33606,33.62,2.192,7.58,3.332,25.41,25.25,13.03,33.62,41.3705,82.98639,67.41506,7.71483
01,2008,191,515,314.79620,81.67825,3.85417,0.00868,0.34706,33.69,2.434,11.96,3.528,25.42,25.24,13.03,33.69,42.2361,82.80226,67.55278,7.53921
01,2008,191,516,320.60380,84.45375,3.96766,0.00895,0.35786,33.81,2.035,9.53,3.038,25.42,25.23,13.03,33.81,43.2603,82.61783,67.69029,7.37090
01,2008,191,517,326.60030,87.44749,4.07739,0.00921,0.36844,33.87,2.484,135.4,3.038,25.42,25.22,13.03,33.87,44.4397,82.43313,67.82761,7.20947
01,2008,191,518,332.40080,89.70968,4.17588,0.00945,0.37819,33.96,2.367,133.6,3.528,25.43,25.21,13.03,33.96,44.8746,82.24817,67.96474,7.05452
01,2008,191,519,339.92290,92.07333,4.28336,0.00972,0.38869,33.63,3.414,125.7,5.096,25.43,25.2,13.03,33.63,45.1350,82.06293,68.10167,6.90571
01,2008,191,520,347.54550,94.72984,4.40564,0.01001,0.40059,33.42,3.392,122.3,6.076,25.43,25.2,13.03,33.42,45.6248,81.87744,68.23842,6.76268
01,2008,191,521,356.60090,98.95338,4.53933,0.01034,0.41350,33.47,2.381,152.2,3.528,25.43,25.21,13.03,33.47,47.4247,81.69169,68.37497,6.62512
01,2008,191,522,365.259,102.71840,4.67016,0.01066,0.42626,33.73,2.383,149.8,3.724,25.44,25.21,13.03,33.73,48.7656,81.50570,68.51134,6.49275
01,2008,191,523,374.06960,106.52040,4.80460,0.01098,0.43916,33.87,1.896,152.7,2.352,25.44,25.22,13.03,33.87,50.0639,81.31946,68.64754,6.36528
01,2008,191,524,381.52260,109.71570,4.94071,0.01131,0.45250,33.98,1.777,152,2.45,25.44,25.23,13.03,33.98,50.9072,81.13299,68.78355,6.24246
01,2008,191,525,387.62240,112.75590,5.07439,0.01164,0.46565,34.07,1.771,153.7,2.254,25.44,25.24,13.03,34.07,51.7595,80.94628,68.91938,6.12406
01,2008,191,526,392.91230,115.62920,5.20730,0.01197,0.47890,34.09,1.633,148.9,2.156,25.44,25.25,13.03,34.09,52.5347,80.75934,69.05504,6.00985
01,2008,191,527,398.41920,118.70840,5.34207,0.01231,0.49221,34.08,1.818,149.4,2.548,25.45,25.26,13.03,34.08,53.4453,80.57218,69.19053,5.89961
01,2008,191,528,405.90950,122.09430,5.47322,0.01264,0.50556,34.06,1.578,145.6,2.156,25.45,25.27,13.03,34.06,54.2950,80.38479,69.32584,5.79316
01,2008,191,529,412.80790,125.18510,5.60829,0.01298,0.51916,34.01,1.847,146.6,2.254,25.45,25.28,13.03,34.01,54.9013,80.19719,69.46099,5.69032
01,2008,191,530,419.24210,128.35970,5.75189,0.01334,0.53355,34.01,1.599,151.6,2.058,25.45,25.3,13.03,34.01,55.6266,80.00937,69.59598,5.59090
01,2008,191,531,426.11080,131.70140,5.90447,0.01372,0.54865,34.05,1.261,158.2,1.96,25.45,25.31,13.03,34.05,56.3999,79.82134,69.73081,5.49476
01,2008,191,532,429.94040,134.63680,6.05313,0.01410,0.56387,34.11,2.014,151,2.352,25.45,25.32,13.03,34.11,57.2686,79.63310,69.86547,5.40173
01,2008,191,533,434.91660,137.99250,6.19983,0.01447,0.57872,34.13,1.163,149.5,1.862,25.45,25.32,13.03,34.13,58.3222,79.44465,69.99998,5.31167
01,2008,191,534,438.676,141.22510,6.34535,0.01485,0.59388,34.19,0.743,154.2,1.47,25.46,25.32,13.03,34.19,59.4467,79.25601,70.13433,5.22445
01,2008,191,535,442.16170,143.97280,6.49463,0.01523,0.60915,34.23,0.66,151.5,1.176,25.46,25.32,13.03,34.23,60.1132,79.06717,70.26854,5.13995
01,2008,191,536,447.605,146.90670,6.64667,0.01562,0.62487,34.31,0.248,143.3,0.588,25.46,25.32,13.03,34.31,60.5652,78.87813,70.40259,5.05804
01,2008,191,537,451.34790,149.45410,6.79701,0.01602,0.64061,34.38,0.119,146.5,0.294,25.46,25.31,13.03,34.38,60.9284,78.68890,70.53650,4.97861
01,2008,191,538,454.33070,151.774,6.93966,0.01639,0.65543,34.31,0.683,4.667,0.98,25.46,25.3,13.03,34.31,61.1909,78.49947,70.67026,4.90155
01,2008,191,539,458.492,154.25290,7.09441,0.01679,0.67167,34.24,0.742,164.6,1.176,25.46,25.3,13.03,34.24,61.3538,78.30986,70.80388,4.82676
01,2008,191,540,464.00490,157.13450,7.25736,0.01722,0.68864,34.19,0.872,167.1,1.176,25.47,25.3,13.03,34.19,61.6138,78.12006,70.93736,4.75415
01,2008,191,541,469.37,160.18750,7.42008,0.01764,0.70578,34.08,1.254,170.9,1.568,25.47,25.31,13.03,34.08,62.0398,77.93009,71.07071,4.68363
01,2008,191,542,472.76850,162.79330,7.57637,0.01806,0.72222,33.95,1.413,170.3,1.568,25.47,25.31,13.03,33.95,62.4012,77.73993,71.20392,4.61511
01,2008,191,543,477.59280,165.78,7.73549,0.01848,0.73925,33.83,1.166,161.6,1.568,25.47,25.32,13.03,33.83,62.8136,77.54959,71.33700,4.54852
01,2008,191,544,481.83150,168.83040,7.89149,0.01890,0.75610,33.83,0.763,164.9,1.078,25.47,25.34,13.03,33.83,63.3862,77.35907,71.46995,4.48376
01,2008,191,545,485.531,171.92120,8.04903,0.01933,0.77310,33.83,1.003,155.6,1.568,25.47,25.35,13.03,33.83,64.0913,77.16838,71.60277,4.42078
01,2008,191,546,489.47860,174.92330,8.21204,0.01977,0.79075,33.81,1.174,151.3,1.372,25.47,25.37,13.03,33.81,64.6275,76.97752,71.73547,4.35950
01,2008,191,547,491.33340,177.49920,8.36876,0.02020,0.80794,33.85,0.648,160.3,0.98,25.47,25.38,13.03,33.85,65.1900,76.78649,71.86806,4.29986
01,2008,191,548,495.67580,180.609,8.53870,0.02066,0.82641,33.86,1.181,154.8,1.764,25.48,25.4,13.03,33.86,65.6976,76.59529,72.00052,4.24179
01,2008,191,549,500.04460,184.05220,8.70759,0.02112,0.84499,33.68,1.348,151,1.764,25.48,25.41,13.03,33.68,66.5040,76.40393,72.13286,4.18524
01,2008,191,550,502.68930,187.26410,8.87715,0.02159,0.86341,33.6,1.444,148.6,1.764,25.48,25.43,13.03,33.6,67.4615,76.21240,72.26510,4.13015
01,2008,191,551,505.71380,190.66920,9.05118,0.02207,0.88261,33.54,1.408,152.9,1.666,25.48,25.45,13.03,33.54,68.5033,76.02071,72.39722,4.07647
01,2008,191,552,509.391,194.20290,9.22266,0.02254,0.90151,33.54,1.174,153.6,1.568,25.48,25.46,13.03,33.54,69.4943,75.82886,72.52924,4.02413
01,2008,191,553,512.42610,197.42490,9.38928,0.02301,0.92027,33.57,1.465,150,1.96,25.48,25.48,13.03,33.57,70.3090,75.63685,72.66115,3.97311
01,2008,191,554,515.79770,200.75850,9.55535,0.02347,0.93894,33.55,1.365,152.9,1.764,25.48,25.49,13.03,33.55,71.1310,75.44469,72.79295,3.92334
01,2008,191,555,519.95580,204.29970,9.73828,0.02398,0.95915,33.53,1.869,147.3,2.156,25.48,25.5,13.03,33.53,71.9387,75.25237,72.92466,3.87479
01,2008,191,556,523.49430,207.99820,9.92169,0.02449,0.97957,33.5,1.588,157.1,2.254,25.48,25.5,12.97,33.5,73.0365,75.05989,73.05627,3.82741
01,2008,191,557,526.98330,211.59140,10.10949,0.02502,1.00066,33.49,1.682,157.7,2.156,25.48,25.5,13.01,33.49,74.0192,74.86727,73.18779,3.78117
01,2008,191,558,530.52210,215.41430,10.29701,0.02554,1.02171,33.49,1.517,158.8,2.058,25.49,25.5,13.03,33.49,75.1960,74.67449,73.31921,3.73602
01,2008,191,559,533.40660,218.90070,10.48251,0.02607,1.04286,33.5,1.705,161.3,2.254,25.49,25.49,13.03,33.5,76.1886,74.48157,73.45055,3.69192
01,2008,191,600,536.86770,222.52090,10.67142,0.02660,1.06419,33.52,1.557,157.9,1.96,25.49,25.49,13.03,33.52,77.1405,74.28850,73.58179,3.64885
01,2008,191,601,539.74160,226.32630,10.85984,0.02714,1.08568,33.47,2.081,153,2.646,25.49,25.48,13.02,33.47,78.4164,74.09529,73.71296,3.60676
01,2008,191,602,543.577,230.28520,11.04916,0.02768,1.10732,33.33,2.13,153.2,2.45,25.49,25.46,13.02,33.33,79.5609,73.90193,73.84404,3.56563
01,2008,191,603,546.84770,234.04690,11.24015,0.02823,1.12922,33.28,2.087,155.5,2.548,25.49,25.42,13.02,33.28,80.6422,73.70843,73.97505,3.52543
01,2008,191,604,549.06820,237.38570,11.42649,0.02878,1.15101,33.31,1.509,157.2,2.058,25.49,25.37,13.02,33.31,81.5778,73.51479,74.10598,3.48612
01,2008,191,605,552.48590,240.632,11.61103,0.02932,1.17269,33.41,1.431,158.9,2.058,25.49,25.29,13.03,33.41,82.0634,73.32101,74.23683,3.44767
01,2008,191,606,554.733,243.44150,11.78473,0.02984,1.19354,33.43,1.764,153.2,2.058,25.49,25.2,13.03,33.43,82.4304,73.12709,74.36762,3.41007
01,2008,191,607,556.20980,246.21050,11.95054,0.03035,1.21391,33.36,1.82,155.3,2.548,25.49,25.1,13.04,33.36,82.9689,72.93304,74.49834,3.37328
01,2008,191,608,558.95840,249.29510,12.13327,0.03090,1.23587,33.41,1.557,155.2,2.156,25.49,25.02,13.04,33.41,83.4368,72.73885,74.62899,3.33728
01,2008,191,609,563.11960,252.76810,12.3328,0.03149,1.25955,33.41,1.622,162.7,2.254,25.5,24.98,13.04,33.41,83.8522,72.54453,74.75958,3.30204
01,2008,191,610,567.10880,255.845,12.53809,0.03209,1.28379,33.43,1.372,156.3,1.96,25.5,24.97,13.04,33.43,83.8974,72.35008,74.89012,3.26754
01,2008,191,611,570.64170,258.82140,12.73907,0.03269,1.30780,33.47,1.392,159.8,2.156,25.5,24.98,13.04,33.47,83.9569,72.15549,75.02060,3.23376
01,2008,191,612,574.556,262.01990,12.94298,0.03331,1.33237,33.4,1.579,168.4,1.862,25.5,25,13.04,33.4,84.0983,71.96078,75.15102,3.20068
01,2008,191,613,578.218,265.20210,13.14841,0.03393,1.35715,33.3,1.23,167.3,1.862,25.5,25.02,13.04,33.3,84.2779,71.76594,75.28139,3.16828
01,2008,191,614,581.67320,268.12470,13.35182,0.03455,1.38187,33.32,1.065,169.5,1.96,25.5,25.05,13.04,33.32,84.2405,71.57097,75.41172,3.13653
01,2008,191,615,585.18290,271.21190,13.55739,0.03517,1.40678,33.25,1.522,168.7,1.764,25.5,25.07,13.04,33.25,84.3289,71.37588,75.54200,3.10542
01,2008,191,616,587.467,273.93160,13.74804,0.03576,1.43054,33.22,1.54,168.1,1.96,25.5,25.09,13.04,33.22,84.4235,71.18067,75.67224,3.07493
01,2008,191,617,590.23520,276.83720,13.93681,0.03636,1.45430,33.23,1.566,174.1,1.862,25.51,25.1,13.04,33.23,84.5325,70.98533,75.80244,3.04505
01,2008,191,618,592.451,279.838,14.1192,0.03694,1.47755,33.19,1.398,170.3,1.862,25.51,25.11,13.04,33.19,84.9017,70.78987,75.93260,3.01575
01,2008,191,619,593.66880,282.37660,14.31298,0.03755,1.50201,33.21,1.165,153.9,1.764,25.51,25.11,13.04,33.21,85.1271,70.59429,76.06273,2.98702
01,2008,191,620,596.29370,285.38190,14.50533,0.03817,1.52661,33.24,1.331,164.3,1.568,25.51,25.12,13.04,33.24,85.3404,70.39859,76.19283,2.95884
01,2008,191,621,598.64180,288.67260,14.69011,0.03876,1.55045,33.31,0.929,163.8,1.372,25.51,25.12,13.04,33.31,85.9172,70.20278,76.32290,2.93120
01,2008,191,622,601.17310,291.67220,14.88592,0.03939,1.57570,33.38,0.993,8.81,1.47,25.51,25.13,13.04,33.38,86.1264,70.00685,76.45295,2.90408
01,2008,191,623,604.21750,294.90140,15.08447,0.04003,1.60122,33.37,1.37,170,1.862,25.51,25.14,13.03,33.37,86.3731,69.81080,76.58297,2.87748
01,2008,191,624,605.76950,297.79230,15.27584,0.04066,1.62638,33.34,1.454,31.08,2.156,25.51,25.16,13.03,33.34,86.7831,69.61464,76.71298,2.85137
01,2008,191,625,608.152,300.89080,15.46529,0.04128,1.65132,33.25,0.885,161.9,1.372,25.51,25.18,13.03,33.25,87.1001,69.41837,76.84297,2.82575
01,2008,191,626,609.22750,303.55110,15.63645,0.04187,1.67482,33.33,1.597,7.996,2.548,25.51,25.21,13.03,33.33,87.4287,69.22199,76.97295,2.80059
01,2008,191,627,611.46140,306.64620,15.84274,0.04253,1.70139,33.35,1.085,9.82,1.666,25.51,25.23,13.03,33.35,87.7720,69.02549,77.10292,2.77589
01,2008,191,628,614.77250,309.94350,16.04864,0.04321,1.72823,33.44,1.027,147.2,2.156,25.52,25.26,13.03,33.44,87.9157,68.82889,77.23288,2.75164
01,2008,191,629,618.39990,313.53080,16.26105,0.04390,1.75619,33.42,0.983,10.55,1.47,25.52,25.29,13.03,33.42,88.2144,68.63218,77.36284,2.72783
01,2008,191,630,621.99690,317.11640,16.48336,0.04463,1.78513,33.42,0.92,155.1,1.47,25.52,25.32,13.03,33.42,88.5010,68.43536,77.49279,2.70444
01,2008,191,631,626.94420,320.91260,16.72257,0.04540,1.81581,33.51,0.795,153.7,1.274,25.52,25.34,13.03,33.51,88.4763,68.23844,77.62275,2.68146
01,2008,191,632,631.20520,324.35990,16.95199,0.04614,1.84560,33.59,0.944,161.7,1.47,25.52,25.37,13.03,33.59,88.3294,68.04141,77.75272,2.65888
01,2008,191,633,633.76450,327.60970,17.16215,0.04684,1.87378,33.66,0.653,166.2,1.176,25.53,25.39,13.03,33.66,88.6012,67.84428,77.88270,2.63670
01,2008,191,634,636.67180,330.95490,17.38539,0.04759,1.90354,33.65,1.153,158.4,1.568,25.53,25.4,13.03,33.65,88.8216,67.64705,78.01268,2.61490
01,2008,191,635,640.28,334.32030,17.62007,0.04837,1.93461,33.65,1.001,166.2,1.568,25.53,25.39,13.03,33.65,88.7768,67.44972,78.14269,2.59347
01,2008,191,636,643.22840,337.61250,17.84691,0.04913,1.96515,33.7,1.338,150.9,1.862,25.53,25.35,13.03,33.7,88.8927,67.25229,78.27271,2.57241
01,2008,191,637,646.87810,341.89650,18.08513,0.04992,1.99696,33.79,1.295,137.5,2.646,25.53,25.29,13.03,33.79,89.7103,67.05476,78.40275,2.55171
01,2008,191,638,646.96940,345.44910,18.26882,0.05059,2.02353,33.6,1.967,148.8,2.548,25.53,25.21,13.04,33.6,91.1738,66.85713,78.53281,2.53135
01,2008,191,639,648.44730,348.91280,18.48457,0.05133,2.05325,33.59,2.007,149.6,2.744,25.53,25.12,13.04,33.59,92.0005,66.65941,78.66291,2.51134
01,2008,191,640,649.06560,352.68940,18.68023,0.05203,2.08136,33.46,2.424,142.3,2.94,25.53,25.03,13.04,33.46,93.4761,66.46159,78.79304,2.49165
01,2008,191,641,651.56070,356.77640,18.91472,0.05282,2.11290,33.46,2.354,147,2.94,25.52,24.98,13.04,33.46,94.5049,66.26368,78.92320,2.47229
01,2008,191,642,652.81850,360.00380,19.11027,0.05353,2.14104,33.36,1.89,141.7,2.45,25.52,24.96,13.04,33.36,95.1623,66.06567,79.05339,2.45325
01,2008,191,643,654.21980,363.54510,19.32548,0.05429,2.17169,33.48,1.694,134.2,2.646,25.52,24.95,13.04,33.48,96.0693,65.86757,79.18363,2.43451
01,2008,191,644,655.092,366.33820,19.54095,0.05505,2.20207,33.63,1.165,148.1,2.058,25.52,24.96,13.04,33.63,96.4394,65.66939,79.31391,2.41608
01,2008,191,645,656.24610,368.38950,19.72919,0.05575,2.22996,33.83,0.627,138.5,1.568,25.53,24.98,13.04,33.83,95.9476,65.47111,79.44425,2.39794
01,2008,191,646,657.74070,370.47220,19.90342,0.05641,2.25642,33.93,1.295,157.3,2.156,25.53,25,13.04,33.93,95.3398,65.27274,79.57463,2.38009
01,2008,191,647,661.63250,373.899,20.1381,0.05724,2.28976,33.92,1.867,153.6,2.352,25.53,25.03,13.04,33.92,95.0587,65.07429,79.70507,2.36252
01,2008,191,648,665.30490,377.67140,20.38002,0.05809,2.32349,33.79,1.645,144,2.254,25.53,25.06,13.04,33.79,95.1944,64.87575,79.83556,2.34523
01,2008,191,649,668.68590,382.49650,20.64109,0.05899,2.35943,33.87,1.635,126.5,2.45,25.53,25.09,13.04,33.87,96.4869,64.67712,79.96612,2.32821
01,2008,191,650,670.53410,386.69370,20.89506,0.05987,2.39483,33.84,1.975,127.8,3.038,25.53,25.12,13.03,33.84,97.7933,64.47841,80.09674,2.31145
01,2008,191,651,670.72460,390.35010,21.10656,0.06065,2.42610,33.81,2.715,121.9,3.43,25.52,25.16,13.03,33.81,99.2693,64.27962,80.22743,2.29495
01,2008,191,652,671.812,393.89980,21.32722,0.06146,2.45843,33.76,2.525,123.2,3.332,25.52,25.19,13.03,33.76,100.2480,64.08074,80.35819,2.27871
01,2008,191,653,674.88970,396.78340,21.55408,0.06228,2.49135,33.86,1.949,146.2,3.43,25.52,25.22,13.03,33.86,99.6804,63.88179,80.48902,2.26271
01,2008,191,654,679.32890,399.94020,21.7992,0.06316,2.52621,33.83,2.96,146.7,4.312,25.52,25.25,13.03,33.83,98.7658,63.68275,80.61994,2.24695
01,2008,191,655,680.326,403.16890,21.99766,0.06392,2.55699,33.69,2.231,146.2,3.528,25.52,25.27,13.03,33.69,99.4351,63.48364,80.75094,2.23143
01,2008,191,656,683.90230,407.16960,22.23379,0.06479,2.59149,33.7,2.484,147.1,3.43,25.52,25.28,12.97,33.7,99.7134,63.28444,80.88203,2.21614
01,2008,191,657,685.79750,410.77980,22.428,0.06556,2.6224,33.74,2.373,150.5,3.136,25.52,25.29,13.01,33.74,100.3430,63.08518,81.01320,2.20108
01,2008,191,658,686.93290,413.86310,22.62099,0.06634,2.65350,33.8,2.182,144.4,3.528,25.52,25.29,13.03,33.8,100.7831,62.88583,81.14447,2.18625
01,2008,191,659,687.69960,416.26170,22.81606,0.06712,2.68486,33.99,1.691,143.7,3.136,25.52,25.29,13.03,33.99,100.7037,62.68641,81.27584,2.17163
01,2008,191,700,690.43140,420.66850,23.05712,0.06801,2.72046,33.94,2.419,135.7,3.234,25.52,25.26,13.03,33.94,101.7229,62.48692,81.40731,2.15722
01,2008,191,701,692.73990,424.09010,23.29717,0.06890,2.75591,33.92,1.555,139.1,2.94,25.52,25.21,13.03,33.92,101.9401,62.28735,81.53888,2.14303
01,2008,191,702,695.31750,427.12940,23.53475,0.06979,2.79148,34.05,1.607,124.3,3.234,25.52,25.14,13.03,34.05,101.6379,62.08772,81.67056,2.12903
01,2008,191,703,695.19270,429.58060,23.7412,0.07060,2.82417,34.12,1.676,131.8,2.842,25.52,25.06,13.03,34.12,102.0083,61.88801,81.80236,2.11524
01,2008,191,704,696.00120,431.68120,23.92288,0.07137,2.85470,34.12,2.148,146.3,3.038,25.53,24.98,13.03,34.12,101.5894,61.68823,81.93427,2.10165
01,2008,191,705,697.942,434.71270,24.11044,0.07214,2.8857,34.04,2.331,143.5,3.234,25.53,24.95,13.03,34.04,101.5593,61.48839,82.06630,2.08825
01,2008,191,706,699.83720,437.78430,24.32867,0.07299,2.91943,34.24,1.423,145.2,2.254,25.53,24.94,13.04,34.24,101.5826,61.28848,82.19845,2.07504
01,2008,191,707,704.29110,441.54620,24.60965,0.07400,2.96011,34.34,1.612,146.9,2.352,25.53,24.95,13.04,34.34,101.0510,61.08850,82.33074,2.06202
01,2008,191,708,706.33070,444.92070,24.84824,0.07493,2.99738,34.25,2.187,149.7,3.528,25.53,24.97,13.04,34.25,101.2828,60.88846,82.46316,2.04917
01,2008,191,709,707.94760,448.382,25.06846,0.07582,3.03272,34.29,1.831,127.7,3.234,25.53,25,13.03,34.29,101.7994,60.68835,82.59571,2.03651
01,2008,191,710,709.21310,453.08490,25.31141,0.07676,3.07052,34.25,2.439,132.5,3.332,25.53,25.03,13.03,34.25,103.7244,60.48818,82.72840,2.02402
01,2008,191,711,709.99290,455.89220,25.50826,0.07760,3.10387,34.23,1.521,129,2.156,25.53,25.07,13.03,34.23,103.9904,60.28795,82.86124,2.01170
01,2008,191,712,712.12130,459.43560,25.74565,0.07853,3.14131,34.24,1.722,126.3,3.43,25.53,25.1,13.03,34.24,104.3189,60.08766,82.99423,1.99956
01,2008,191,713,713.12630,463.23860,25.97812,0.07945,3.17818,34.15,2.484,126.6,4.214,25.53,25.13,13.03,34.15,105.4614,59.88731,83.12737,1.98757
01,2008,191,714,713.60240,466.295,26.16292,0.08026,3.21024,34.1,2.236,133.4,3.724,25.53,25.16,13.03,34.1,106.1220,59.68690,83.26067,1.97575
01,2008,191,715,715.16780,468.63450,26.33805,0.08105,3.24209,34.18,1.918,133.6,2.94,25.53,25.18,13.03,34.18,105.5135,59.48643,83.39413,1.96409
01,2008,191,716,717.07010,471.48080,26.54518,0.08194,3.27756,34.22,2.401,144.4,4.018,25.53,25.19,12.97,34.22,105.2341,59.28590,83.52776,1.95259
01,2008,191,717,720.67870,475.75750,26.79117,0.08291,3.31653,34.02,3.033,149.7,4.018,25.53,25.19,12.94,34.02,105.5009,59.08532,83.66156,1.94124
01,2008,191,718,722.88370,478.84310,26.94614,0.08368,3.34707,34.09,2.969,149.7,4.116,25.53,25.17,13.03,34.09,105.2842,58.88469,83.79553,1.93004
01,2008,191,719,725.52720,482.91620,27.18431,0.08462,3.3849,34.04,3.5,150,4.998,25.53,25.14,13.03,34.04,105.8179,58.68400,83.92968,1.91899
01,2008,191,720,726.95720,486.63740,27.4482,0.08564,3.42558,33.91,3.78,149.7,4.704,25.54,25.08,13.03,33.91,106.6222,58.48326,84.06401,1.90809
01,2008,191,721,728.96170,491.337,27.72771,0.08670,3.46804,33.82,3.539,148.4,5.39,25.54,25.01,13.03,33.82,108.0986,58.28247,84.19854,1.89732
01,2008,191,722,729.96950,495.43450,27.98762,0.08773,3.50920,34.05,2.238,143.2,4.606,25.53,24.93,13.03,34.05,109.4919,58.08163,84.33325,1.88670
01,2008,191,723,731.62810,498.48910,28.20186,0.08866,3.54637,34.03,3.835,148.6,4.9,25.53,24.89,13.03,34.03,109.4946,57.88074,84.46817,1.87622
01,2008,191,724,731.98130,501.558,28.39441,0.08952,3.58070,33.81,2.832,147.5,3.92,25.53,24.87,13.03,33.81,110.2040,57.67980,84.60328,1.86587
01,2008,191,725,731.90510,503.48360,28.56211,0.09031,3.61256,34.14,1.842,148.9,3.234,25.53,24.88,13.03,34.14,110.0031,57.47881,84.73861,1.85566
01,2008,191,726,733.28190,506.20860,28.77046,0.09121,3.64836,34.3,2.706,139.1,4.704,25.54,24.9,13.03,34.3,109.8209,57.27778,84.87414,1.84557
01,2008,191,727,733.70450,510.74260,28.98898,0.09214,3.68566,34.14,2.873,143.2,4.9,25.53,24.93,13.03,34.14,111.9627,57.07671,85.00989,1.83562
01,2008,191,728,733.30310,513.52050,29.17066,0.09299,3.71978,33.99,4.325,144.2,5.684,25.53,24.96,13.03,33.99,112.8005,56.87559,85.14587,1.82579
01,2008,191,729,735.25720,516.99540,29.38188,0.09394,3.75756,33.89,4.132,142.7,5.488,25.53,25,13.03,33.89,113.0482,56.67443,85.28207,1.81609
01,2008,191,730,737.10110,521.38980,29.63542,0.09498,3.79926,34,3.195,137.5,4.606,25.52,25.03,13.03,34,114.2692,56.47322,85.41849,1.80651
01,2008,191,731,738.51670,524.45120,29.8418,0.09590,3.83610,34.05,1.984,132.3,4.214,25.52,25.07,13.03,34.05,114.3889,56.27198,85.55516,1.79704
01,2008,191,732,739.44690,525.94,29.99028,0.09663,3.86524,34.25,2.974,148.9,4.41,25.53,25.11,13.03,34.25,113.2033,56.07070,85.69207,1.78770
01,2008,191,733,742.35110,529.62370,30.2777,0.09781,3.91233,34.27,3.985,142.2,5.39,25.53,25.14,13.03,34.27,113.1042,55.86938,85.82923,1.77847
01,2008,191,734,742.72,533.33290,30.50012,0.09880,3.95216,34.05,3.43,139.7,5.096,25.53,25.16,13.03,34.05,114.4484,55.66802,85.96663,1.76936
01,2008,191,735,745.00530,537.834,30.74902,0.09987,3.99466,34.08,2.295,137.8,3.43,25.52,25.14,13.03,34.08,115.5008,55.46663,86.10430,1.76036
01,2008,191,736,746.52040,540.728,30.95901,0.10082,4.03261,34.16,2.303,128.6,3.332,25.52,25.11,13.03,34.16,115.3765,55.26520,86.24223,1.75147
01,2008,191,737,748.69,544.14680,31.1722,0.10178,4.07104,34.31,2.586,129.5,4.214,25.53,25.06,13.04,34.31,115.3983,55.06374,86.38042,1.74269
01,2008,191,738,749.38450,547.00340,31.34542,0.10261,4.10455,34.43,2.788,133.5,4.508,25.53,24.99,13.04,34.43,115.6994,54.86224,86.51889,1.73402
01,2008,191,739,750.90280,549.66970,31.54398,0.10355,4.14190,34.6,1.937,143.4,2.94,25.53,24.92,13.04,34.6,115.3347,54.66072,86.65763,1.72545
01,2008,191,740,751.7,551.81820,31.66855,0.10428,4.17122,34.59,2.876,147.9,4.41,25.53,24.86,13.04,34.59,114.8677,54.45916,86.79667,1.71699
01,2008,191,741,751.59040,553.96430,31.80319,0.10504,4.20174,34.58,2.933,143.6,4.802,25.53,24.82,13.04,34.58,114.9285,54.25758,86.93599,1.70863
01,2008,191,742,751.87290,556.74880,31.95383,0.10586,4.23456,34.67,2.264,146.2,3.136,25.53,24.81,13.04,34.67,115.4033,54.05596,87.07560,1.70036
01,2008,191,743,753.66090,560.24430,32.1884,0.10687,4.27484,34.82,2.138,146,3.43,25.53,24.82,13.04,34.82,115.7047,53.85432,87.21552,1.69220
01,2008,191,744,755.20210,563.47720,32.36988,0.10778,4.31114,34.68,3.909,150,4.802,25.54,24.83,13.04,34.68,115.8849,53.65266,87.35575,1.68414
01,2008,191,745,756.27870,566.88450,32.51779,0.10860,4.34382,34.45,4.088,147.2,4.802,25.54,24.87,13.04,34.45,116.5126,53.45097,87.49629,1.67617
01,2008,191,746,756.68040,570.09640,32.67593,0.10942,4.37674,34.41,3.597,146.6,4.508,25.54,24.9,13.04,34.41,117.3481,53.24926,87.63715,1.66829
01,2008,191,747,759.70060,574.62540,32.92579,0.11051,4.42046,34.41,3.298,146.5,4.312,25.54,24.94,13.04,34.41,117.9296,53.04753,87.77833,1.66051
01,2008,191,748,762.19510,578.94520,33.132,0.11150,4.46005,34.53,2.207,144.8,3.234,25.54,24.99,13.04,34.53,118.6079,52.84577,87.91985,1.65282
01,2008,191,749,763.14220,581.61380,33.31158,0.11239,4.49553,34.68,3.339,155.4,4.9,25.55,25.03,13.03,34.68,118.5653,52.64400,88.06170,1.64522
01,2008,191,750,764.41090,585.01150,33.50771,0.11332,4.53299,34.59,3.389,153.9,4.214,25.55,25.07,13.03,34.59,119.0561,52.44221,88.20390,1.63771
01,2008,191,751,765.66970,588.13070,33.68209,0.11422,4.56861,34.6,2.613,148.8,4.018,25.55,25.11,13.03,34.6,119.2730,52.24040,88.34645,1.63028
01,2008,191,752,766.11790,590.79460,33.85181,0.11509,4.60375,34.87,2.757,150.4,4.214,25.55,25.13,13.03,34.87,119.5319,52.03857,88.48936,1.62295
01,2008,191,753,768.84940,594.00180,34.05777,0.11607,4.64262,35.08,1.777,135.2,2.94,25.55,25.12,13.03,35.08,118.9263,51.83673,88.63263,1.61569
01,2008,191,754,771.86220,598.80960,34.32256,0.11722,4.68894,35.19,1.968,133.1,2.842,25.55,25.08,13.04,35.19,119.7374,51.63488,88.77626,1.60852
01,2008,191,755,773.443,602.51390,34.51528,0.11817,4.72687,35.18,2.381,135.1,3.626,25.56,25.02,13.04,35.18,120.3270,51.43301,88.92028,1.60144
01,2008,191,756,774.57620,605.238,34.68656,0.11906,4.76233,35.15,3.218,136.6,5.096,25.56,24.95,12.98,35.15,120.2137,51.23114,89.06468,1.59443
01,2008,191,757,773.79860,607.73480,34.84848,0.11994,4.79767,35.01,3.513,140.3,4.704,25.55,24.88,13.02,35.01,121.0747,51.02925,89.20947,1.58751
01,2008,191,758,773.99770,610.49140,35.01736,0.12083,4.83328,34.88,2.481,143.8,3.528,25.55,24.79,13.04,34.88,121.5887,50.82736,89.35465,1.58066
01,2008,191,759,777.54270,613.26020,35.22141,0.12183,4.87333,35.21,1.289,145.4,2.254,25.56,24.71,13.04,35.21,119.9972,50.62546,89.50025,1.57389
01,2008,191,800,781.66550,616.83450,35.42838,0.12286,4.91423,35.55,1.089,132.5,2.058,25.56,24.68,13.04,35.55,118.8298,50.42355,89.64625,1.56720
01,2008,191,801,783.63440,619.82730,35.58905,0.12376,4.95046,35.75,0.255,140.5,0.98,25.57,24.68,13.04,35.75,118.4428,50.22164,89.79267,1.56058
01,2008,191,802,785.09530,621.82170,35.76708,0.12466,4.98644,35.95,1.405,144.2,2.45,25.58,24.69,13.03,35.95,117.3793,50.01973,89.93952,1.55404
01,2008,191,803,786.57310,624.71790,35.9744,0.12566,5.02656,36.15,0.562,117.7,1.666,25.58,24.71,13.03,36.15,117.2051,49.81782,90.08680,1.54757
01,2008,191,804,787.54580,628.12890,36.16129,0.12657,5.06265,36,3.027,151.4,4.802,25.59,24.73,13.03,36,117.8713,49.61590,90.23453,1.54118
01,2008,191,805,788.42710,632.19680,36.3168,0.12741,5.09643,35.58,3.146,144.6,4.116,25.59,24.76,13.03,35.58,119.2549,49.41399,90.38270,1.53485
01,2008,191,806,788.03960,635.75850,36.47557,0.12830,5.13189,35.4,2.938,143.2,4.9,25.58,24.8,13.04,35.4,120.9629,49.21207,90.53133,1.52860
01,2008,191,807,789.62420,639.99920,36.69496,0.12938,5.17513,35.37,3.223,139.6,4.41,25.58,24.84,13.04,35.37,122.0649,49.01017,90.68042,1.52242
01,2008,191,808,790.05450,643.89790,36.88102,0.13033,5.21323,35.41,2.599,142.8,4.41,25.57,24.89,13.03,35.41,123.5831,48.80826,90.82999,1.51630
01,2008,191,809,791.55240,647.011,37.05952,0.13126,5.25035,35.44,3.223,147.1,4.9,25.58,24.94,13.03,35.44,123.6140,48.60637,90.98003,1.51025
01,2008,191,810,791.49550,650.05030,37.18773,0.13205,5.28215,35.54,3.588,143.4,5.88,25.58,24.96,13.03,35.54,124.6020,48.40448,91.13057,1.50427
01,2008,191,811,791.96460,653.19980,37.3802,0.13306,5.32251,35.56,3.461,142.6,5.488,25.58,24.97,13.03,35.56,125.3565,48.20260,91.28160,1.49835
01,2008,191,812,793.42820,658.83290,37.64804,0.13431,5.37248,35.25,3.505,140.6,5.096,25.57,24.96,13.04,35.25,127.9334,48.00074,91.43314,1.49250
01,2008,191,813,795.37680,662.75930,37.87125,0.13541,5.41639,35.31,2.868,142.4,4.802,25.57,24.92,13.04,35.31,128.4768,47.79888,91.58519,1.48672
01,2008,191,814,796.53720,665.64010,38.04177,0.13633,5.45331,35.36,2.782,137.4,4.704,25.57,24.87,13.04,35.36,128.5028,47.59704,91.73777,1.48099
01,2008,191,815,797.72640,668.15050,38.20906,0.13726,5.49054,35.44,2.747,144.6,3.724,25.57,24.8,13.04,35.44,128.1396,47.39522,91.89087,1.47533
01,2008,191,816,799.82980,671.01930,38.39341,0.13822,5.52895,35.53,2.174,136.4,3.43,25.57,24.73,13.04,35.53,127.5144,47.19341,92.04452,1.46973
01,2008,191,817,800.01060,673.58890,38.53378,0.13906,5.56241,35.63,2.265,135.2,3.43,25.57,24.67,13.04,35.63,127.8974,46.99162,92.19872,1.46419
01,2008,191,818,801.35580,675.70380,38.69784,0.13998,5.59921,35.87,2.066,136.3,4.508,25.58,24.64,13.04,35.87,127.0345,46.78985,92.35348,1.45872
01,2008,191,819,805.44880,679.98780,38.94382,0.14117,5.64692,35.97,1.767,128.5,2.646,25.58,24.64,13.04,35.97,126.4524,46.58810,92.50880,1.45330
01,2008,191,820,805.46490,682.08720,39.07817,0.14200,5.68006,36.05,2.016,144.6,3.43,25.58,24.65,13.04,36.05,126.4842,46.38637,92.66470,1.44793
01,2008,191,821,805.02450,683.74530,39.18097,0.14270,5.70817,35.99,1.708,137.6,2.94,25.58,24.68,13.04,35.99,126.3977,46.18467,92.82119,1.44263
01,2008,191,822,806.43930,687.56270,39.39759,0.14376,5.75024,36.02,2.795,130.6,3.822,25.58,24.7,13.04,36.02,127.1908,45.98300,92.97828,1.43738
01,2008,191,823,806.06160,690.32570,39.55294,0.14465,5.78591,35.71,2.909,143.7,4.018,25.58,24.73,13.04,35.71,128.1796,45.78135,93.13598,1.43220
01,2008,191,824,806.41990,693.35840,39.67883,0.14546,5.81835,35.58,2.61,135.7,3.626,25.58,24.76,13.04,35.58,128.9322,45.57974,93.29429,1.42706
01,2008,191,825,805.06320,696.43460,39.79662,0.14624,5.84970,35.66,1.805,140.1,2.842,25.58,24.78,13.04,35.66,130.9385,45.37815,93.45323,1.42198
01,2008,191,826,806.82680,699.75490,39.96516,0.14719,5.88758,35.75,1.993,135.4,3.234,25.58,24.79,13.04,35.75,131.0034,45.17660,93.61280,1.41696
01,2008,191,827,807.01140,701.19170,40.07567,0.14798,5.91904,35.78,2.112,145.2,3.038,25.58,24.79,13.04,35.78,130.3004,44.97508,93.77303,1.41198
01,2008,191,828,809.73990,704.54640,40.21582,0.14887,5.95479,35.83,2.293,135.5,3.136,25.58,24.77,13.04,35.83,129.7158,44.77360,93.93392,1.40706
01,2008,191,829,810.02030,707.20540,40.36057,0.14976,5.99036,36.03,2.355,127.8,3.724,25.58,24.74,13.04,36.03,130.1736,44.57216,94.09547,1.40220
01,2008,191,830,807.636,708.98470,40.47874,0.15055,6.02191,36.12,2.212,130.1,3.038,25.58,24.69,13.04,36.12,131.6625,44.37076,94.25771,1.39738
01,2008,191,831,809.86330,712.34680,40.63901,0.15145,6.05781,36.08,1.945,133.3,3.136,25.58,24.64,13.04,36.08,131.4457,44.16940,94.42064,1.39262
01,2008,191,832,812.40230,714.99740,40.82243,0.15240,6.09593,36.24,2.829,142.9,3.92,25.59,24.59,13.04,36.24,130.2898,43.96808,94.58427,1.38790
01,2008,191,833,813.01080,718.51680,40.9865,0.15331,6.13236,35.99,3.487,148.8,4.508,25.59,24.57,13.05,35.99,131.3921,43.76681,94.74862,1.38324
01,2008,191,834,814.12430,721.91530,41.17595,0.15432,6.17264,36.19,2.777,139.1,3.92,25.59,24.58,13.04,36.19,132.0123,43.56559,94.91370,1.37863
01,2008,191,835,816.17960,726.38540,41.40149,0.15545,6.21819,36.18,1.526,130.8,2.94,25.59,24.61,13.04,36.18,133.0218,43.36441,95.07951,1.37406
01,2008,191,836,816.79650,728.251,41.51266,0.15622,6.24886,36.16,2.045,146.9,2.744,25.6,24.64,12.94,36.16,132.4738,43.16329,95.24608,1.36954
01,2008,191,837,817.98720,730.62570,41.66027,0.15707,6.28287,36.32,2.11,150.4,3.332,25.6,24.68,13.02,36.32,132.0200,42.96222,95.41341,1.36507
01,2008,191,838,818.60220,732.531,41.80282,0.15792,6.31685,36.32,1.437,145.7,2.45,25.61,24.71,13.04,36.32,131.5216,42.76120,95.58152,1.36065
01,2008,191,839,822.12810,736.47240,41.99348,0.15895,6.35811,36.68,1.746,136.3,2.842,25.61,24.75,13.03,36.68,130.9203,42.56025,95.75041,1.35627
01,2008,191,840,817.31850,735.17920,41.95942,0.15928,6.37140,36.91,2.404,147.4,3.136,25.62,24.78,13.03,36.91,131.2351,42.35935,95.92011,1.35194
01,2008,191,841,811.588,733.03990,41.87706,0.15945,6.37785,36.51,3.294,146.6,4.214,25.63,24.8,13.03,36.51,131.4172,42.15851,96.09063,1.34765
01,2008,191,842,814.40880,738.50170,42.02877,0.16036,6.41426,36.26,3.074,146.1,4.116,25.63,24.8,13.03,36.26,132.8762,41.95774,96.26197,1.34341
01,2008,191,843,816.20150,742.85680,42.21507,0.16134,6.45358,36.38,2.499,143.6,3.43,25.62,24.79,13.03,36.38,133.9903,41.75703,96.43416,1.33921
01,2008,191,844,818.87810,747.308,42.47786,0.16260,6.50416,36.48,2.974,146.5,4.41,25.63,24.76,13.03,36.48,134.5389,41.55639,96.60720,1.33506
01,2008,191,845,818.82790,750.41050,42.66834,0.16362,6.54467,36.46,2.453,139.5,3.724,25.62,24.71,13.03,36.46,135.7812,41.35582,96.78111,1.33095
01,2008,191,846,819.73090,752.94630,42.78643,0.16442,6.57673,36.52,2.185,150.2,3.724,25.62,24.66,13.04,36.52,135.7477,41.15532,96.95591,1.32688
01,2008,191,847,819.93680,754.42740,42.91885,0.16524,6.60975,36.57,2.024,142.8,3.234,25.63,24.61,13.04,36.57,135.1899,40.95489,97.13161,1.32285
01,2008,191,848,821.61020,757.52790,43.06177,0.16612,6.64466,36.63,1.942,138.4,2.94,25.63,24.59,13.04,36.63,135.1473,40.75455,97.30822,1.31887
01,2008,191,849,820.90880,759.13680,43.12708,0.16676,6.67022,36.67,1.602,136,2.646,25.63,24.6,13.04,36.67,135.4182,40.55427,97.48577,1.31493
01,2008,191,850,824.95170,763.24040,43.38129,0.16800,6.72010,36.87,1.238,128.4,2.254,25.64,24.61,13.04,36.87,134.5798,40.35409,97.66425,1.31103
01,2008,191,851,828.36020,766.327,43.57062,0.16905,6.76216,37.32,1.271,130.5,1.96,25.65,24.64,13.04,37.32,133.1996,40.15398,97.84370,1.30717
01,2008,191,852,828.31270,768.24370,43.67255,0.16977,6.79073,37.23,2.192,136.3,3.332,25.65,24.66,13.04,37.23,133.2918,39.95396,98.02413,1.30335
01,2008,191,853,829.26940,771.71530,43.84454,0.17073,6.82917,36.87,1.795,135.4,2.548,25.65,24.7,13.04,36.87,134.1756,39.75404,98.20555,1.29957
01,2008,191,854,829.86150,774.96310,43.97582,0.17160,6.86383,36.65,2.081,149.3,3.528,25.66,24.74,13.04,36.65,135.1212,39.55420,98.38798,1.29583
01,2008,191,855,830.72930,777.60680,44.13683,0.17256,6.90255,36.29,2.845,147.9,3.724,25.66,24.79,13.04,36.29,135.2554,39.35445,98.57143,1.29212
01,2008,191,856,829.72330,779.35140,44.20906,0.17321,6.92839,36.21,2.131,155.9,2.842,25.66,24.84,12.97,36.21,135.9484,39.15480,98.75593,1.28846
01,2008,191,857,829.70080,781.55350,44.3667,0.17413,6.96509,36.35,3.196,145,4.214,25.67,24.86,13.02,36.35,136.3473,38.95525,98.94149,1.28483
01,2008,191,858,829.9,785.44390,44.50252,0.17494,6.99775,36.31,2.212,147.9,3.528,25.66,24.86,13.03,36.31,138.2704,38.75581,99.12813,1.28124
01,2008,191,859,833.38570,788.96770,44.70181,0.17600,7.04004,36.29,0.985,162.3,1.568,25.67,24.84,13.03,36.29,137.2648,38.55646,99.31587,1.27769
01,2008,191,900,836.34020,791.70640,44.87253,0.17695,7.07799,36.58,1.008,141.2,1.47,25.68,24.81,13.03,36.58,135.8844,38.35722,99.50472,1.27418
01,2008,191,901,837.56120,794.083,45.0544,0.17795,7.11781,36.92,2.404,149.5,3.822,25.69,24.76,13.03,36.92,135.5011,38.15810,99.69470,1.27070
01,2008,191,902,836.83510,797.42830,45.12216,0.17858,7.14327,36.6,3.051,142.6,4.508,25.68,24.69,13.03,36.6,137.6255,37.95908,99.88584,1.26726
01,2008,191,903,835.26720,800.00260,45.24734,0.17934,7.17374,36.5,2.713,145.9,5.096,25.67,24.62,13.03,36.5,139.6564,37.76018,100.07815,1.26385
01,2008,191,904,835.56810,801.24850,45.37561,0.18013,7.20537,36.87,2.8,138.7,4.704,25.67,24.54,13.04,36.87,138.8933,37.56140,100.27165,1.26048
01,2008,191,905,833.19810,803.38260,45.46464,0.18082,7.23276,36.62,2.244,136.6,3.332,25.67,24.51,13.04,36.62,141.1489,37.36275,100.46637,1.25714
01,2008,191,906,831.41330,803.16310,45.5079,0.18138,7.25502,36.69,1.14,126.4,2.352,25.67,24.5,13.04,36.69,140.6037,37.16421,100.66232,1.25384
01,2008,191,907,829.97780,802.42920,45.57625,0.18204,7.28176,37.01,1.166,139.7,2.45,25.68,24.51,13.04,37.01,139.2815,36.96581,100.85952,1.25058
01,2008,191,908,833.93130,806.41450,45.77085,0.18312,7.32489,37.15,1.893,160.2,2.646,25.69,24.54,13.04,37.15,138.3766,36.76753,101.05799,1.24734
01,2008,191,909,838.43180,810.88750,45.93413,0.18404,7.36170,37.11,0.838,157.6,1.274,25.7,24.57,13.04,37.11,137.5128,36.56939,101.25777,1.24414
01,2008,191,910,839.80240,813.62510,46.03271,0.18473,7.38934,36.97,1.264,135.1,1.862,25.71,24.6,13.04,36.97,137.4246,36.37139,101.45886,1.24098
01,2008,191,911,839.60180,815.207,46.09081,0.18531,7.41247,36.77,1.241,131.9,2.058,25.71,24.64,13.04,36.77,137.4526,36.17353,101.66130,1.23784
01,2008,191,912,840.28850,817.32860,46.26433,0.18627,7.45082,36.63,0.684,145,1.96,25.71,24.67,13.04,36.63,137.3124,35.97581,101.86509,1.23474
01,2008,191,913,842.46030,818.56150,46.37957,0.18707,7.48298,36.6,1.183,162.3,1.96,25.73,24.69,13.04,36.6,135.0853,35.77824,102.07028,1.23167
01,2008,191,914,845.86750,821.23990,46.55875,0.18812,7.52476,36.66,1.828,145.9,4.214,25.74,24.68,13.04,36.66,133.2996,35.58082,102.27688,1.22864
01,2008,191,915,847.19570,826.51640,46.75483,0.18921,7.56848,36.81,2.35,134.1,3.724,25.74,24.67,13.04,36.81,135.8028,35.38356,102.48491,1.22563
01,2008,191,916,846.57560,830.09140,46.92831,0.19019,7.60741,36.82,2.218,145.2,3.038,25.74,24.64,13.04,36.82,138.2011,35.18645,102.69441,1.22266
01,2008,191,917,848.091,832.80960,47.03866,0.19093,7.63716,36.6,2.378,147.6,3.038,25.74,24.6,13.04,36.6,138.0051,34.98951,102.90539,1.21972
01,2008,191,918,850.19550,836.71620,47.15675,0.19172,7.66897,36.61,2.604,137.6,4.41,25.74,24.55,13.04,36.61,138.5173,34.79274,103.11788,1.21681
01,2008,191,919,849.55180,838.922,47.27556,0.19253,7.70108,36.66,1.508,136.1,2.254,25.73,24.51,13.04,36.66,139.5925,34.59613,103.33191,1.21393
01,2008,191,920,845.75260,839.29430,47.33432,0.19310,7.72391,36.69,2.125,141.6,3.136,25.73,24.51,13.04,36.69,141.4499,34.39970,103.54751,1.21108
01,2008,191,921,845.98830,840.61240,47.41585,0.19372,7.74889,36.61,2.421,144.8,3.136,25.73,24.53,13.04,36.61,140.9406,34.20345,103.76470,1.20826
01,2008,191,922,844.85820,842.73250,47.50634,0.19439,7.77562,36.53,2.267,125.8,2.842,25.73,24.57,13.04,36.53,142.3742,34.00738,103.98350,1.20547
01,2008,191,923,841.39450,843.90720,47.59749,0.19506,7.80249,36.64,1.79,125.6,2.352,25.72,24.62,13.04,36.64,144.8154,33.81150,104.20396,1.20271
01,2008,191,924,835.99660,841.50280,47.61142,0.19546,7.81829,36.65,1.846,147.6,2.548,25.72,24.67,13.04,36.65,145.3111,33.61581,104.42609,1.19997
01,2008,191,925,836.03530,840.49060,47.62623,0.19585,7.83409,36.55,0.376,134.6,1.372,25.73,24.73,13.04,36.55,142.6915,33.42031,104.64993,1.19727
01,2008,191,926,838.51260,841.42010,47.71131,0.19649,7.85949,36.66,0.309,66.61,0.882,25.74,24.77,13.04,36.66,139.9832,33.22502,104.87551,1.19460
01,2008,191,927,837.12930,841.25920,47.71558,0.19681,7.87240,36.8,1.467,140,3.136,25.75,24.8,13.04,36.8,139.4217,33.02993,105.10285,1.19195
01,2008,191,928,838.51860,844.34,47.81512,0.19754,7.90141,36.82,1.695,133.7,2.842,25.75,24.8,13.04,36.82,139.7872,32.83505,105.33199,1.18934
01,2008,191,929,838.66340,847.63050,47.9185,0.19834,7.93352,36.97,1.468,136.3,2.352,25.75,24.78,13.04,36.97,141.4151,32.64038,105.56296,1.18674
01,2008,191,930,840.59120,850.33470,48.06668,0.19922,7.96864,37.21,2.212,151.7,4.018,25.75,24.74,13.04,37.21,140.9614,32.44593,105.79580,1.18418
01,2008,191,931,845.04380,854.80260,48.18749,0.20002,8.00081,36.8,1.289,155.8,1.96,25.76,24.68,13.04,36.8,140.1390,32.25171,106.03053,1.18165
01,2008,191,932,847.87110,857.54880,48.35971,0.20098,8.03907,36.93,3.693,148.7,4.9,25.77,24.62,13.04,36.93,138.9663,32.05771,106.26719,1.17914
01,2008,191,933,848.553,861.23470,48.48597,0.20181,8.07257,37.01,3.704,153.8,4.9,25.77,24.58,13.04,37.01,140.5553,31.86395,106.50582,1.17666
01,2008,191,934,847.47170,863.38550,48.56697,0.20247,8.09867,36.94,3.557,148.8,4.508,25.77,24.56,13.05,36.94,142.1175,31.67043,106.74644,1.17421
01,2008,191,935,845.45590,865.24460,48.66182,0.20316,8.12658,36.97,2.332,154,2.94,25.77,24.57,13.04,36.97,144.1989,31.47716,106.98911,1.17178
01,2008,191,936,842.21810,863.97280,48.68195,0.20359,8.14370,37.15,1.96,151.3,4.312,25.78,24.59,13.04,37.15,144.2110,31.28414,107.23384,1.16938
01,2008,191,937,845.38770,868.13650,48.85921,0.20461,8.18459,37.2,4.154,154.7,6.174,25.78,24.62,13.04,37.2,144.1931,31.09137,107.48069,1.16701
01,2008,191,938,847.22310,873.12550,49.0381,0.20566,8.22649,36.91,3.82,150.8,5.39,25.76,24.66,13.04,36.91,146.1445,30.89887,107.72968,1.16466
01,2008,191,939,845.41480,873.897,49.14829,0.20644,8.25756,36.7,2.692,161.3,3.822,25.75,24.69,13.04,36.7,147.0151,30.70663,107.98086,1.16234
01,2008,191,940,844.79080,874.453,49.20338,0.20700,8.27999,36.65,2.122,155.6,3.136,25.75,24.73,13.04,36.65,146.6664,30.51467,108.23427,1.16004
01,2008,191,941,844.87170,874.631,49.29286,0.20765,8.30585,36.72,2.411,167.5,2.94,25.76,24.76,13.04,36.72,145.3436,30.32299,108.48995,1.15777
01,2008,191,942,846.33670,875.97940,49.39597,0.20840,8.33593,36.62,2.473,170.7,3.136,25.77,24.77,13.04,36.62,144.0041,30.13159,108.74794,1.15552
01,2008,191,943,846.70020,876.99190,49.43377,0.20891,8.35654,36.55,1.785,166.2,2.352,25.78,24.76,13.04,36.55,143.2887,29.94049,109.00828,1.15330
01,2008,191,944,848.371,878.01690,49.49408,0.20952,8.38094,36.72,1.039,166.2,2.842,25.8,24.74,13.04,36.72,141.4599,29.74969,109.27101,1.15111
01,2008,191,945,849.38650,880.31270,49.66125,0.21050,8.41994,37.04,2.855,151.1,3.822,25.82,24.69,13.04,37.04,141.4769,29.55920,109.53618,1.14893
01,2008,191,946,849.97050,883.475,49.76033,0.21122,8.44896,37.19,3.285,161.6,4.018,25.83,24.64,13.04,37.19,142.7435,29.36902,109.80384,1.14679
01,2008,191,947,849.69910,886.73320,49.88465,0.21201,8.48037,36.95,3.685,156,4.606,25.83,24.58,13.04,36.95,144.8614,29.17916,110.07402,1.14466
01,2008,191,948,852.19340,891.63930,50.01735,0.21285,8.51394,36.61,2.994,152.4,4.41,25.83,24.53,13.05,36.61,146.2194,28.98963,110.34678,1.14256
01,2008,191,949,855.57190,896.40710,50.12079,0.21360,8.54384,36.54,2.852,156,3.822,25.83,24.53,13.05,36.54,146.6669,28.80044,110.62217,1.14049
01,2008,191,950,852.01620,896.62880,50.16514,0.21406,8.56240,36.6,2.587,134.7,3.724,25.82,24.55,13.04,36.6,148.6556,28.61159,110.90023,1.13843
01,2008,191,951,846.76120,896.21730,50.15245,0.21433,8.57339,36.54,1.762,108.7,2.352,25.8,24.6,13.04,36.54,151.5274,28.42309,111.18101,1.13641
01,2008,191,952,845.01210,895.908,50.2278,0.21492,8.59669,36.76,1.886,134.5,3.43,25.78,24.65,13.04,36.76,151.4396,28.23495,111.46457,1.13440
01,2008,191,953,844.49950,895.60130,50.27995,0.21542,8.61664,37.04,1.272,146.6,2.254,25.77,24.71,13.04,37.04,150.2792,28.04718,111.75095,1.13242
01,2008,191,954,847.98710,896.64490,50.37201,0.21609,8.64354,36.85,1.055,155.8,1.47,25.78,24.77,13.04,36.85,146.9447,27.85979,112.04021,1.13046
01,2008,191,955,851.60470,897.04810,50.48734,0.21682,8.67262,36.81,0.317,144.6,1.372,25.79,24.81,13.04,36.81,142.8547,27.67278,112.33240,1.12852
01,2008,191,956,851.86790,896.35360,50.5256,0.21724,8.68962,36.9,0.532,104.6,1.176,25.81,24.82,12.97,36.9,140.6425,27.48616,112.62759,1.12661
01,2008,191,957,853.00540,897.95210,50.54396,0.21767,8.70673,37.1,2.626,140.4,4.606,25.83,24.82,13.02,37.1,139.9564,27.29994,112.92581,1.12471
01,2008,191,958,853.85490,901.56760,50.72067,0.21864,8.74555,37.24,3.526,150.1,4.312,25.82,24.8,13.04,37.24,141.5511,27.11414,113.22714,1.12284
01,2008,191,959,854.54120,905.30940,50.85466,0.21944,8.77764,36.84,3.655,148.7,4.312,25.81,24.77,13.04,36.84,143.4258,26.92876,113.53163,1.12100
01,2008,191,1000,852.16380,906.42830,50.87318,0.21977,8.79074,36.56,3.138,155.2,3.724,25.8,24.73,13.04,36.56,145.4225,26.74381,113.83933,1.11917
01,2008,191,1001,850.36740,906.84550,50.87491,0.22001,8.80055,36.63,2.396,147.7,3.626,25.8,24.67,13.03,36.63,146.2156,26.55930,114.15032,1.11737
01,2008,191,1002,849.45870,907.12490,50.85276,0.22020,8.80784,36.88,1.602,137.2,2.254,25.8,24.62,13.03,36.88,146.0916,26.37524,114.46465,1.11559
01,2008,191,1003,849.67010,907.48840,50.93464,0.22080,8.83210,37.02,1.875,144.3,3.038,25.8,24.6,13.03,37.02,145.0601,26.19164,114.78239,1.11382
01,2008,191,1004,849.69760,909.80650,51.01048,0.22139,8.85542,37.17,2.809,148.1,4.606,25.8,24.62,13.03,37.17,146.1587,26.00852,115.10360,1.11209
01,2008,191,1005,851.81560,913.88220,51.19863,0.22235,8.89407,37.27,2.839,156.2,3.822,25.8,24.64,13.04,37.27,147.1441,25.82587,115.42834,1.11037
01,2008,191,1006,852.01390,915.05730,51.26178,0.22287,8.91495,37.26,2.246,161.1,3.43,25.81,24.68,13.04,37.26,146.9646,25.64373,115.75669,1.10867
01,2008,191,1007,851.68190,915.48060,51.28149,0.22323,8.92911,37.25,1.818,159,2.94,25.82,24.72,13.04,37.25,146.5226,25.46208,116.08872,1.10700
01,2008,191,1008,851.43950,916.16580,51.2874,0.22359,8.94362,37.55,1.803,159.3,3.724,25.84,24.76,13.04,37.55,146.2733,25.28096,116.42448,1.10534
01,2008,191,1009,852.48580,916.06150,51.29749,0.22395,8.95813,37.64,1.38,70.36,2.058,25.85,24.8,13.04,37.64,144.0793,25.10037,116.76406,1.10370
01,2008,191,1010,853.67880,916.62340,51.35445,0.22446,8.97832,37.77,1.922,142.8,3.038,25.88,24.82,13.04,37.77,142.4266,24.92032,117.10753,1.10209
01,2008,191,1011,853.83360,917.37740,51.41805,0.22494,8.99745,37.81,1.919,154,3.234,25.9,24.82,13.04,37.81,141.9170,24.74082,117.45496,1.10050
01,2008,191,1012,856.48750,921.60360,51.54748,0.22571,9.02833,37.96,2.105,133.8,3.234,25.92,24.8,13.04,37.96,142.6173,24.56189,117.80643,1.09892
01,2008,191,1013,854.38790,924.60380,51.58887,0.22618,9.04735,37.77,2.862,142.3,4.116,25.91,24.78,13.04,37.77,146.4254,24.38355,118.16201,1.09737
01,2008,191,1014,851.67240,924.20090,51.60481,0.22654,9.06158,37.62,1.756,136.5,2.94,25.89,24.74,13.04,37.62,147.4087,24.20579,118.52178,1.09584
01,2008,191,1015,853.09290,924.45650,51.66666,0.22701,9.08042,37.62,2.708,138.4,4.802,25.89,24.7,13.04,37.62,145.2910,24.02865,118.88582,1.09433
01,2008,191,1016,852.25920,928.00430,51.72585,0.22740,9.09613,37.46,2.012,126.8,3.136,25.87,24.64,13.04,37.46,148.5348,23.85213,119.25422,1.09283
01,2008,191,1017,851.67170,929.65110,51.81892,0.22801,9.12031,37.48,1.797,138.2,2.744,25.86,24.61,13.04,37.48,149.6654,23.67625,119.62705,1.09136
01,2008,191,1018,854.51520,929.62560,51.89828,0.22858,9.14321,37.6,1.919,146.5,2.744,25.86,24.61,13.04,37.6,145.9899,23.50103,120.00441,1.08991
01,2008,191,1019,856.12240,931.01640,51.93776,0.22907,9.16284,37.4,1.82,153.1,3.234,25.87,24.63,13.04,37.4,144.8704,23.32647,120.38637,1.08847
01,2008,191,1020,857.16960,931.95270,52.00518,0.22958,9.18336,37.76,2.839,162.7,3.724,25.89,24.66,13.04,37.76,143.8188,23.15260,120.77302,1.08706
01,2008,191,1021,858.00480,934.95060,52.13337,0.23027,9.21067,38.01,2.992,168.5,4.018,25.9,24.7,13.04,38.01,145.0327,22.97943,121.16446,1.08566
01,2008,191,1022,857.36870,936.15690,52.17947,0.23065,9.22616,37.56,3.415,171.3,4.312,25.91,24.75,13.04,37.56,145.8208,22.80699,121.56076,1.08429
01,2008,191,1023,855.93270,937.18240,52.23225,0.23109,9.24361,37.31,2.685,10.59,3.332,25.92,24.79,13.04,37.31,147.1792,22.63527,121.96204,1.08293
01,2008,191,1024,854.89260,938.73550,52.32701,0.23171,9.26838,37.21,1.97,16.66,2.842,25.92,24.83,13.04,37.21,148.7141,22.46431,122.36836,1.08159
01,2008,191,1025,855.27830,939.15770,52.38866,0.23219,9.28761,37.54,3.258,154.1,4.312,25.93,24.86,13.04,37.54,147.8126,22.29413,122.77984,1.08027
01,2008,191,1026,858.65730,942.34560,52.46813,0.23272,9.30883,37.72,2.942,162.4,3.724,25.93,24.86,13.04,37.72,146.9145,22.12473,123.19657,1.07897
01,2008,191,1027,863.03290,945.52330,52.58313,0.23337,9.33487,37.8,2.715,162.2,3.528,25.94,24.86,13.04,37.8,145.0859,21.95614,123.61864,1.07769
01,2008,191,1028,862.97390,946.81980,52.61763,0.23369,9.34771,37.56,2.452,13.95,3.038,25.95,24.84,13.04,37.56,145.4958,21.78839,124.04615,1.07643
01,2008,191,1029,862.58940,947.39170,52.63315,0.23401,9.36059,37.47,2.076,7.756,2.548,25.95,24.8,13.04,37.47,145.4955,21.62148,124.47921,1.07518
01,2008,191,1030,862.553,946.97830,52.69105,0.23447,9.37899,37.33,2.079,99.6,2.744,25.97,24.76,13.04,37.33,144.1982,21.45544,124.91791,1.07396
01,2008,191,1031,865.595,948.91240,52.79171,0.23510,9.40384,37.81,2.674,156.9,4.116,25.99,24.71,13.04,37.81,142.3919,21.29030,125.36236,1.07275
01,2008,191,1032,867.75770,952.20940,52.83881,0.23555,9.42186,37.62,2.633,155.3,4.018,26,24.67,13.04,37.62,142.7740,21.12606,125.81266,1.07156
01,2008,191,1033,868.77470,953.62410,52.85513,0.23589,9.43556,37.6,1.829,157.9,2.646,26.01,24.67,13.04,37.6,142.3509,20.96277,126.26891,1.07038
01,2008,191,1034,869.574,954.08950,52.89539,0.23625,9.44990,37.79,1.707,153.6,2.352,26.02,24.69,13.04,37.79,141.1917,20.80043,126.73123,1.06923
01,2008,191,1035,871.48180,955.19320,52.98016,0.23681,9.47255,38.08,1.759,148.5,3.626,26.04,24.74,13.04,38.08,139.6436,20.63907,127.19972,1.06809
01,2008,191,1036,873.61090,958.27190,53.12063,0.23757,9.50280,38.2,2.855,144.7,3.626,26.06,24.8,13.04,38.2,139.8713,20.47872,127.67448,1.06698
01,2008,191,1037,873.81780,960.67990,53.18057,0.23801,9.52034,37.76,1.073,141.3,2.94,26.06,24.86,13.04,37.76,141.2385,20.31940,128.15563,1.06587
01,2008,191,1038,873.73990,961.29580,53.24681,0.23843,9.53713,37.92,1.364,134.8,2.45,26.08,24.92,13.04,37.92,141.0925,20.16113,128.64327,1.06479
01,2008,191,1039,875.46550,963.24660,53.30378,0.23882,9.55297,37.83,1.802,134.4,2.842,26.08,24.97,13.04,37.83,140.5988,20.00395,129.13753,1.06373
01,2008,191,1040,874.23250,963.26610,53.31752,0.23908,9.56322,37.83,1.194,108.1,2.156,26.07,25,13.04,37.83,140.9653,19.84787,129.63850,1.06268
01,2008,191,1041,873.36330,963.57890,53.35981,0.23945,9.57785,37.92,1.187,123.8,2.058,26.06,25,13.04,37.92,141.2968,19.69293,130.14630,1.06165
01,2008,191,1042,874.48650,963.68180,53.38774,0.23978,9.59101,38.02,0.908,126.2,1.568,26.07,24.99,13.04,38.02,139.5542,19.53915,130.66104,1.06064
01,2008,191,1043,874.42710,962.28910,53.3581,0.23982,9.59299,38.23,0.936,108.8,2.94,26.09,24.96,13.04,38.23,137.4416,19.38657,131.18283,1.05964
01,2008,191,1044,876.09610,962.46440,53.42053,0.24019,9.60767,38.45,1.516,140.3,3.528,26.12,24.92,13.04,38.45,135.2771,19.23520,131.71178,1.05866
01,2008,191,1045,878.27750,964.75460,53.48221,0.24061,9.62425,38.37,1.862,165.6,4.116,26.13,24.88,13.04,38.37,134.7524,19.08508,132.24802,1.05770
01,2008,191,1046,877.385,964.13620,53.52964,0.24099,9.63975,38.23,2.685,162.9,3.822,26.15,24.84,13.04,38.23,134.2350,18.93624,132.79164,1.05676
01,2008,191,1047,875.48580,963.38530,53.52547,0.24122,9.64868,38.04,1.558,89.6,2.254,26.18,24.82,13.04,38.04,134.5518,18.78872,133.34276,1.05583
01,2008,191,1048,872.60260,962.30510,53.49119,0.24132,9.65269,38.31,2.45,153.1,3.43,26.23,24.83,13.04,38.31,135.4868,18.64253,133.90149,1.05492
01,2008,191,1049,871.16030,962.76510,53.50658,0.24156,9.66250,38.9,3.12,152,4.606,26.28,24.86,13.04,38.9,136.6122,18.49773,134.46793,1.05402
01,2008,191,1050,869.62680,965.71360,53.5545,0.24188,9.67536,38.24,2.965,159.1,4.116,26.31,24.9,13.04,38.24,140.3270,18.35433,135.04221,1.05315
01,2008,191,1051,869.50010,966.23190,53.57619,0.24216,9.68641,38.32,1.535,157.4,2.94,26.35,24.94,13.04,38.32,140.2898,18.21237,135.62441,1.05229
01,2008,191,1052,869.39590,967.76250,53.55687,0.24227,9.69091,38.16,1.741,140,2.45,26.39,24.99,13.04,38.16,141.2556,18.07190,136.21465,1.05144
01,2008,191,1053,869.26390,967.051,53.53401,0.24241,9.69659,38.11,0.841,160,1.372,26.41,25.03,13.04,38.11,140.0180,17.93293,136.81303,1.05062
01,2008,191,1054,870.77160,967.35740,53.62243,0.24292,9.71697,38.47,2.14,152.9,2.842,26.44,25.06,13.04,38.47,138.2494,17.79552,137.41965,1.04981
01,2008,191,1055,871.43750,968.76860,53.70028,0.24340,9.73603,38.5,1.566,138.6,2.646,26.49,25.08,13.04,38.5,138.3975,17.65969,138.03461,1.04901
01,2008,191,1056,869.97860,969.04060,53.6643,0.24343,9.73714,38.27,2.228,137.4,2.646,26.52,25.07,12.97,38.27,139.4437,17.52549,138.65800,1.04824
01,2008,191,1057,866.95,968.94930,53.58371,0.24332,9.73272,38.05,2.066,144.3,2.842,26.52,25.05,13.02,38.05,141.6387,17.39295,139.28991,1.04747
01,2008,191,1058,864.54950,967.67940,53.55805,0.24338,9.73515,38.14,1.532,166.6,1.96,26.5,25.01,13.04,38.14,142.0716,17.26211,139.93043,1.04673
01,2008,191,1059,861.36410,966.40120,53.57096,0.24362,9.74477,38.24,1.359,147.9,1.96,26.47,24.96,13.03,38.24,143.2614,17.13301,140.57964,1.04600
01,2008,191,1100,862.93010,967.86330,53.64328,0.24398,9.75937,38.57,1.444,143.9,2.646,26.47,24.91,13.04,38.57,142.6642,17.00569,141.23762,1.04529
01,2008,191,1101,866.97590,971.23240,53.78372,0.24465,9.78613,38.82,1.945,132.5,3.528,26.46,24.87,13.03,38.82,141.6110,16.88019,141.90445,1.04459
01,2008,191,1102,868.89380,975.70780,53.89706,0.24527,9.81077,38.95,2.671,136.7,4.214,26.44,24.82,13.03,38.95,143.7086,16.75655,142.58019,1.04391
01,2008,191,1103,870.51430,977.79170,53.97403,0.24567,9.82677,39.01,2.86,150.6,3.332,26.39,24.77,13.03,39.01,143.7095,16.63482,143.26490,1.04325
01,2008,191,1104,870.95650,980.51310,54.03664,0.24600,9.83989,38.55,2.88,144.9,3.528,26.36,24.76,13.03,38.55,145.4878,16.51504,143.95863,1.04260
01,2008,191,1105,870.97860,982.78790,54.06314,0.24619,9.84756,38.45,2.582,140.5,3.43,26.32,24.77,13.04,38.45,147.2342,16.39725,144.66144,1.04197
01,2008,191,1106,871.68150,982.39610,54.12498,0.24653,9.86125,38.71,1.589,144.6,2.94,26.28,24.81,13.04,38.71,145.6726,16.28150,145.37337,1.04136
01,2008,191,1107,872.17540,984.25510,54.21544,0.24697,9.87874,38.8,2.904,128,4.018,26.24,24.85,13.04,38.8,146.5740,16.16782,146.09445,1.04076
01,2008,191,1108,872.13120,985.20880,54.2804,0.24732,9.89292,38.81,1.771,144.2,3.136,26.2,24.89,13.04,38.81,147.0990,16.05627,146.82470,1.04017
01,2008,191,1109,874.104,986.05820,54.33794,0.24765,9.90593,38.67,2.293,138.7,3.724,26.19,24.95,13.04,38.67,145.5925,15.94689,147.56413,1.03960
01,2008,191,1110,873.50410,986.64280,54.33464,0.24769,9.90746,38.23,1.07,140,2.058,26.16,24.99,13.04,38.23,146.3065,15.83972,148.31276,1.03905
01,2008,191,1111,871.34140,983.35590,54.32217,0.24767,9.90661,38.37,0.403,57.99,0.98,26.15,25.01,13.04,38.37,144.6661,15.73481,149.07056,1.03852
01,2008,191,1112,872.01690,983.49280,54.40041,0.24805,9.92203,38.66,0.335,75.43,0.98,26.18,25.02,13.04,38.66,143.7307,15.63221,149.83754,1.03799
01,2008,191,1113,869.829,980.23230,54.34219,0.24791,9.91639,39.01,0.443,97.7,0.686,26.24,25.01,13.04,39.01,142.1684,15.53196,150.61366,1.03749
01,2008,191,1114,870.84680,979.08480,54.32731,0.24804,9.92172,39.12,0.508,125.1,0.98,26.31,25,13.04,39.12,139.6432,15.43411,151.39888,1.03700
01,2008,191,1115,873.00840,979.09280,54.34234,0.24835,9.93397,39.31,0.315,151.4,0.784,26.4,24.96,13.04,39.31,137.1819,15.33871,152.19315,1.03652
01,2008,191,1116,872.65170,977.26090,54.29768,0.24844,9.93748,39.44,0.528,57.02,1.862,26.52,24.92,13.04,39.44,135.3208,15.24580,152.99641,1.03607
01,2008,191,1117,872.88590,977.46390,54.30983,0.24873,9.94908,39.37,1.419,43.43,2.058,26.64,24.87,13.04,39.37,134.9368,15.15542,153.80856,1.03562
01,2008,191,1118,870.81960,979.54180,54.34006,0.24901,9.96036,38.97,1.526,47.55,2.254,26.72,24.83,13.04,38.97,138.6613,15.06763,154.62954,1.03520
01,2008,191,1119,869.33550,980.42740,54.29844,0.24902,9.96091,38.71,1.277,49.58,1.568,26.75,24.78,13.04,38.71,140.6450,14.98247,155.45921,1.03478
01,2008,191,1120,869.85730,980.27870,54.31468,0.24922,9.96869,38.93,1.967,57.36,2.548,26.78,24.73,13.04,38.93,139.6694,14.89999,156.29747,1.03439
01,2008,191,1121,869.52760,981.64070,54.32066,0.24932,9.97285,38.99,1.927,61.67,2.548,26.78,24.68,13.04,38.99,141.0395,14.82022,157.14417,1.03401
01,2008,191,1122,868.58150,983.775,54.31421,0.24935,9.97392,38.8,1.888,71.97,2.646,26.75,24.63,13.05,38.8,143.7906,14.74323,157.99917,1.03364
01,2008,191,1123,867.39090,985.75450,54.34146,0.24948,9.97919,38.62,1.661,93.7,2.646,26.69,24.57,13.05,38.62,146.6364,14.66903,158.86229,1.03329
01,2008,191,1124,868.13680,984.70030,54.3474,0.24955,9.98209,38.96,1.106,92.4,1.862,26.62,24.52,13.05,38.96,144.5876,14.59770,159.73335,1.03296
01,2008,191,1125,868.55030,984.63940,54.34216,0.24955,9.98199,39.16,1.772,112.9,2.842,26.56,24.47,13.05,39.16,143.8656,14.52925,160.61215,1.03264
01,2008,191,1126,869.03160,986.26370,54.31952,0.24945,9.97815,39.27,1.522,129.3,1.764,26.47,24.43,13.05,39.27,144.7753,14.46374,161.49847,1.03233
01,2008,191,1127,871.70380,985.437,54.42484,0.24983,9.99300,39.22,1.018,139.7,2.352,26.38,24.38,13.05,39.22,141.1240,14.40121,162.39208,1.03204
01,2008,191,1128,875.12120,987.15450,54.55659,0.25030,10.01187,39.04,0.882,144.2,1.47,26.34,24.34,13.05,39.04,139.3058,14.34170,163.29272,1.03177
01,2008,191,1129,874.17650,984.84190,54.49941,0.25008,10.00301,39.13,0.774,82.4,1.372,26.34,24.3,13.05,39.13,137.6955,14.28523,164.20013,1.03151
01,2008,191,1130,870.48470,980.82850,54.42843,0.24981,9.99221,39.42,1.187,124,2.548,26.37,24.26,13.05,39.42,137.0600,14.23186,165.11404,1.03127
01,2008,191,1131,868.73440,980.20730,54.37062,0.24961,9.98433,39.32,1.076,128.6,2.058,26.41,24.24,13.05,39.32,137.9484,14.18162,166.03413,1.03104
01,2008,191,1132,871.57870,982.39560,54.42139,0.24988,9.99517,39.2,1.392,128.5,2.058,26.43,24.24,13.05,39.2,137.2039,14.13453,166.96011,1.03082
01,2008,191,1133,872.542,985.32570,54.41541,0.24989,9.99579,39,1.999,109.1,2.548,26.44,24.28,13.05,39,139.0369,14.09063,167.89163,1.03062
01,2008,191,1134,869.63370,986.51620,54.39203,0.24986,9.99450,38.91,1.64,100.7,2.156,26.41,24.33,13.05,38.91,142.8981,14.04995,168.82836,1.03044
01,2008,191,1135,868.78470,986.34830,54.41869,0.24998,9.99916,39.27,1.999,144,5.194,26.37,24.38,13.05,39.27,143.4162,14.01252,169.76994,1.03027
01,2008,191,1136,870.33330,986.14810,54.47853,0.25021,10.00859,39.37,4.083,154.7,4.802,26.36,24.44,13.05,39.37,141.5880,13.97837,170.71600,1.03012
01,2008,191,1137,870.51240,987.47720,54.53859,0.25047,10.01865,39.02,2.323,165.5,4.116,26.36,24.5,13.04,39.02,142.6302,13.94752,171.66616,1.02998
01,2008,191,1138,870.63980,986.47670,54.54474,0.25052,10.02087,39.13,1.328,166.9,1.96,26.39,24.54,13.04,39.13,141.4053,13.91999,172.62003,1.02986
01,2008,191,1139,871.53910,985.88660,54.5477,0.25058,10.0232,39.3,1.058,166.4,1.568,26.44,24.57,13.04,39.3,139.8539,13.89580,173.57720,1.02975
01,2008,191,1140,872.78530,985.84060,54.55217,0.25066,10.02627,39.34,1.049,148,1.666,26.51,24.57,13.04,39.34,138.5220,13.87497,174.53726,1.02966
01,2008,191,1141,876.13420,987.45920,54.60404,0.25097,10.039,39.53,0.56,146.4,1.274,26.59,24.56,13.04,39.53,136.8254,13.85751,175.49979,1.02958
01,2008,191,1142,878.75230,988.89720,54.68396,0.25143,10.05723,39.92,1.782,113.7,3.626,26.68,24.54,13.04,39.92,135.6699,13.84344,176.46436,1.02952
01,2008,191,1143,876.439,990.80620,54.65145,0.25139,10.05558,39.87,2.822,120.2,4.116,26.73,24.51,13.04,39.87,139.7860,13.83277,177.43054,1.02947
01,2008,191,1144,875.82470,993.53290,54.65653,0.25144,10.0575,39.45,3.383,109.2,5.194,26.71,24.48,13.05,39.45,143.0826,13.82551,178.39789,1.02944
01,2008,191,1145,872.65450,995.10760,54.61887,0.25123,10.04924,38.99,3.94,115.3,5.096,26.61,24.44,13.05,38.99,147.7216,13.82165,179.36596,1.02943
01,2008,191,1146,873.58580,998.85090,54.71783,0.25157,10.06298,38.83,3.616,132.7,5.096,26.44,24.41,13.05,38.83,150.5590,13.82121,180.33431,1.02942
01,2008,191,1147,876.439,1000.73400,54.8601,0.25207,10.0829,38.96,1.98,148.9,2.842,26.26,24.37,13.05,38.96,149.6824,13.82418,181.30250,1.02944
01,2008,191,1148,878.27510,999.85680,54.9576,0.25230,10.09216,38.96,1.702,145.6,2.45,26.14,24.32,13.05,38.96,147.0456,13.83057,182.27008,1.02947
01,2008,191,1149,878.12490,998.76190,54.95386,0.25209,10.08341,39.07,1.924,153,2.352,26.08,24.27,13.05,39.07,146.1325,13.84036,183.23660,1.02951
01,2008,191,1150,878.74630,998.04130,55.00835,0.25219,10.08749,39.57,2.414,164.6,3.136,26.05,24.23,13.05,39.57,144.8569,13.85355,184.20163,1.02957
01,2008,191,1151,878.17310,998.86540,55.06524,0.25235,10.09393,39.29,2.44,50.46,3.528,26.05,24.19,13.05,39.29,146.2985,13.87014,185.16474,1.02964
01,2008,191,1152,877.30380,998.97660,55.06224,0.25230,10.09186,38.89,2.484,14.35,3.626,26.07,24.21,13.05,38.89,147.3269,13.89010,186.12549,1.02973
01,2008,191,1153,874.90810,997.41430,55.02026,0.25209,10.08341,38.99,4.016,9.18,4.802,26.07,24.25,13.05,38.99,148.1759,13.91342,187.08345,1.02983
01,2008,191,1154,874.03850,996.803,55.02845,0.25211,10.08424,38.76,3.356,6.909,4.312,26.08,24.3,13.05,38.76,148.5066,13.94009,188.03822,1.02995
01,2008,191,1155,873.35550,995.19940,54.94534,0.25176,10.07029,38.61,3.018,7.462,3.626,26.1,24.35,13.05,38.61,147.6761,13.97009,188.98939,1.03008
01,2008,191,1156,873.42310,994.14950,54.93298,0.25168,10.06732,38.77,2.306,83,3.136,26.11,24.4,12.98,38.77,146.6833,14.00339,189.93655,1.03023
01,2008,191,1157,875.37820,992.97690,54.92458,0.25162,10.0649,39.07,2.285,23.59,2.842,26.12,24.46,13.02,39.07,143.7492,14.03998,190.87934,1.03040
01,2008,191,1158,875.25080,992.33260,54.89537,0.25147,10.05873,39.02,1.55,39.5,2.058,26.13,24.49,13.04,39.02,143.3763,14.07982,191.81737,1.03058
01,2008,191,1159,876.34220,992.73410,54.83873,0.25118,10.04725,38.93,0.942,45.48,1.764,26.13,24.5,13.04,38.93,142.8797,14.12289,192.75028,1.03077
01,2008,191,1200,878.85850,991.061,54.83962,0.25116,10.0463,39.21,0.116,81.7,0.392,26.14,24.5,13.04,39.21,138.9398,14.16916,193.67774,1.03098
01,2008,191,1201,882.49660,991.93880,54.86411,0.25123,10.04919,39.51,0.428,113.5,1.078,26.16,24.48,13.03,39.51,136.4769,14.21860,194.59940,1.03120
01,2008,191,1202,885.68910,992.418,54.89222,0.25133,10.05323,39.65,1.828,137.2,2.646,26.2,24.46,13.03,39.65,134.0614,14.27117,195.51494,1.03144
01,2008,191,1203,887.11310,993.52810,54.91692,0.25136,10.05447,39.59,1.913,151.2,3.038,26.23,24.43,13.04,39.59,134.0043,14.32684,196.42408,1.03170
01,2008,191,1204,886.598,993.483,54.89301,0.25122,10.04888,39.97,1.62,120.8,2.254,26.26,24.39,13.04,39.97,134.6836,14.38557,197.32652,1.03197
01,2008,191,1205,887.67210,994.79650,54.85612,0.25108,10.0431,40.15,2.073,116.5,2.646,26.29,24.36,13.04,40.15,135.1949,14.44733,198.22198,1.03225
01,2008,191,1206,889.29220,996.42760,54.86064,0.25112,10.04466,40.1,1.963,105.5,2.94,26.27,24.32,13.04,40.1,135.5084,14.51208,199.11023,1.03255
01,2008,191,1207,888.42560,994.28740,54.81456,0.25094,10.0376,40.29,0.621,110.3,1.568,26.24,24.28,13.05,40.29,134.4708,14.57977,199.99101,1.03287
01,2008,191,1208,888.28030,993.192,54.83601,0.25090,10.03596,40.64,0.918,117.9,1.96,26.24,24.24,13.05,40.64,133.7922,14.65037,200.86411,1.03320
01,2008,191,1209,888.03030,991.34460,54.83045,0.25082,10.03284,40.78,1.98,148.5,2.744,26.25,24.2,13.05,40.78,132.4753,14.72383,201.72932,1.03355
01,2008,191,1210,889.42910,992.19760,54.90831,0.25107,10.04266,40.7,2.757,152.1,3.528,26.28,24.15,13.05,40.7,132.2772,14.80012,202.58645,1.03391
01,2008,191,1211,888.30740,993.514,54.89445,0.25097,10.03862,40.01,2.265,150.6,3.332,26.32,24.11,13.05,40.01,134.9920,14.87918,203.43533,1.03429
01,2008,191,1212,887.87210,993.37760,54.83828,0.25071,10.02853,40.1,2.605,155.3,3.626,26.37,24.12,13.05,40.1,135.6027,14.96097,204.27580,1.03468
01,2008,191,1213,890.37180,995.62870,54.93921,0.25105,10.0421,40.2,2.448,159.1,3.332,26.41,24.16,13.05,40.2,135.7786,15.04545,205.10773,1.03509
01,2008,191,1214,889.57180,995.37660,54.91605,0.25092,10.03698,39.91,2.951,156.9,4.41,26.46,24.21,13.05,39.91,136.6512,15.13257,205.93098,1.03551
01,2008,191,1215,889.19090,994.44770,54.90083,0.25084,10.0336,40.25,2.143,157.3,3.43,26.52,24.27,13.05,40.25,136.4546,15.22228,206.74544,1.03595
01,2008,191,1216,893.80460,997.51530,55.02778,0.25135,10.05412,40.04,2.695,143.9,3.136,26.58,24.33,13.04,40.04,135.4494,15.31455,207.55103,1.03641
01,2008,191,1217,895.18120,999.12430,55.01244,0.25125,10.05002,39.71,1.784,128.9,2.94,26.61,24.38,13.04,39.71,136.1229,15.40932,208.34765,1.03688
01,2008,191,1218,894.89920,998.03090,54.97477,0.25102,10.04068,39.81,2.045,154.5,3.038,26.63,24.4,13.04,39.81,135.7061,15.50655,209.13523,1.03736
01,2008,191,1219,891.09310,994.92910,54.86898,0.25049,10.0197,39.7,2.156,150.4,3.038,26.65,24.42,13.04,39.7,136.6875,15.60619,209.91373,1.03786
01,2008,191,1220,890.82140,993.00630,54.8631,0.25039,10.01569,39.82,2.298,169,2.94,26.68,24.42,13.05,39.82,135.4544,15.70820,210.68309,1.03838
01,2008,191,1221,890.99290,992.98970,54.9181,0.25056,10.02229,39.82,2.04,158.1,2.646,26.73,24.4,13.05,39.82,135.7133,15.81252,211.44329,1.03891
01,2008,191,1222,889.95460,991.15630,54.86492,0.25027,10.01083,39.75,1.547,144,2.744,26.79,24.37,13.05,39.75,135.3316,15.91912,212.19431,1.03946
01,2008,191,1223,890.34420,989.27360,54.82109,0.25003,10.00113,39.87,2.367,8.74,3.136,26.86,24.33,13.05,39.87,133.5396,16.02794,212.93614,1.04003
01,2008,191,1224,889.11380,988.27870,54.76992,0.24976,9.99053,39.81,2.816,10.39,3.332,26.94,24.29,13.05,39.81,134.2045,16.13895,213.66878,1.04061
01,2008,191,1225,886.76820,987.004,54.70431,0.24951,9.98020,39.84,3.002,10.39,4.116,27.03,24.25,13.05,39.84,135.6714,16.25209,214.39224,1.04120
01,2008,191,1226,886.42020,986.55,54.68134,0.24943,9.97720,39.8,2.408,15.82,3.234,27.11,24.2,13.05,39.8,136.0521,16.36732,215.10655,1.04181
01,2008,191,1227,888.63340,987.31720,54.6978,0.24951,9.98029,39.93,2.662,8.02,3.332,27.2,24.16,13.05,39.93,135.2102,16.48460,215.81173,1.04244
01,2008,191,1228,885.916,985.55960,54.57473,0.24894,9.95741,39.74,1.805,151,2.646,27.27,24.11,13.05,39.74,136.5835,16.60388,216.50783,1.04308
01,2008,191,1229,887.07040,983.11220,54.52669,0.24870,9.94803,39.99,2.073,29.48,3.234,27.35,24.07,13.05,39.99,133.5681,16.72512,217.19488,1.04374
01,2008,191,1230,889.61180,983.099,54.52798,0.24871,9.94852,40.12,2.096,10.19,2.842,27.42,24.05,13.05,40.12,131.6733,16.84828,217.87295,1.04442
01,2008,191,1231,889.27720,982.04240,54.49676,0.24860,9.94386,39.93,1.246,156,2.254,27.5,24.06,13.05,39.93,131.5014,16.97332,218.54209,1.04511
01,2008,191,1232,889.00120,980.505,54.38821,0.24818,9.92725,39.98,1.067,109.8,1.96,27.57,24.1,13.05,39.98,130.8047,17.10018,219.20237,1.04582
01,2008,191,1233,889.72910,979.81080,54.38539,0.24812,9.92499,39.96,2.094,45.57,2.94,27.63,24.15,13.05,39.96,130.0044,17.22884,219.85386,1.04654
01,2008,191,1234,887.55330,979.532,54.29448,0.24765,9.90582,39.86,1.627,46.92,2.352,27.64,24.21,13.05,39.86,132.4043,17.35925,220.49663,1.04728
01,2008,191,1235,887.16640,978.41520,54.20845,0.24711,9.88441,40.19,1.341,62.44,1.862,27.63,24.27,13.05,40.19,132.2694,17.49137,221.13077,1.04804
01,2008,191,1236,887.44490,977.51840,54.10306,0.24654,9.86148,40.31,0.825,66.19,1.568,27.6,24.32,12.94,40.31,131.7321,17.62516,221.75637,1.04881
01,2008,191,1237,888.94410,975.23930,54.11639,0.24650,9.85989,40.49,0.996,59.23,1.47,27.58,24.36,13.01,40.49,128.6628,17.76059,222.37351,1.04960
01,2008,191,1238,889.44030,973.17060,54.10415,0.24642,9.85680,40.72,0.289,61,0.686,27.57,24.38,13.04,40.72,126.7728,17.89761,222.98229,1.05041
01,2008,191,1239,888.33720,970.15,54.04692,0.24602,9.84060,40.95,0.351,108.7,1.078,27.6,24.38,13.04,40.95,125.4647,18.03619,223.58281,1.05123
01,2008,191,1240,888.64370,967.60570,53.92967,0.24527,9.81067,41.06,0.923,87.5,1.372,27.66,24.38,13.04,41.06,123.3043,18.17630,224.17515,1.05207
01,2008,191,1241,888.03780,965.88920,53.80345,0.24462,9.78474,41,0.436,71.05,0.882,27.71,24.36,13.03,41,122.8506,18.31789,224.75944,1.05293
01,2008,191,1242,889.55760,966.47370,53.83302,0.24465,9.78611,41.24,0.224,86.6,0.686,27.76,24.34,13.03,41.24,122.6929,18.46093,225.33576,1.05380
01,2008,191,1243,889.64860,965.202,53.81879,0.24455,9.78210,41.34,0.969,143.8,1.96,27.82,24.31,13.04,41.34,122.0479,18.60540,225.90423,1.05469
01,2008,191,1244,886.57370,963.79610,53.72496,0.24412,9.76478,40.8,1.697,137.8,2.94,27.88,24.29,13.04,40.8,124.2789,18.75125,226.46496,1.05559
01,2008,191,1245,883.22580,963.47580,53.63035,0.24360,9.74418,40.37,1.189,127.7,1.764,27.89,24.26,13.04,40.37,127.8610,18.89844,227.01804,1.05652
01,2008,191,1246,883.81590,961.634,53.57159,0.24318,9.72707,40.31,0.719,117.5,1.568,27.88,24.23,13.05,40.31,126.2058,19.04697,227.56360,1.05746
01,2008,191,1247,883.82990,959.05520,53.54088,0.24284,9.71355,40.49,1.635,169.6,2.254,27.88,24.19,13.05,40.49,124.3708,19.19677,228.10174,1.05841
01,2008,191,1248,882.509,957.60940,53.52422,0.24260,9.70387,40.44,2.648,171.3,3.234,27.9,24.15,13.05,40.44,124.9404,19.34784,228.63258,1.05939
01,2008,191,1249,880.45370,956.88120,53.50436,0.24246,9.69845,40.14,1.671,169.9,2.352,27.93,24.12,13.05,40.14,126.9297,19.50014,229.15622,1.06038
01,2008,191,1250,879.08910,954.66190,53.40511,0.24203,9.68126,40.14,1.058,57.81,1.47,27.99,24.09,13.05,40.14,126.7858,19.65363,229.67278,1.06139
01,2008,191,1251,878.60850,952.52860,53.30367,0.24147,9.65861,40.29,2.154,154.8,3.626,28.05,24.06,13.05,40.29,125.9058,19.80829,230.18237,1.06242
01,2008,191,1252,879.57010,954.44270,53.32698,0.24132,9.65295,40.24,3.206,147,4.214,28.09,24.03,13.05,40.24,127.7288,19.96410,230.68509,1.06346
01,2008,191,1253,878.81950,954.86850,53.28996,0.24102,9.64077,40.24,3.378,146.1,4.998,28.11,24.03,13.05,40.24,129.6850,20.12102,231.18108,1.06452
01,2008,191,1254,878.9,955.75240,53.28321,0.24084,9.63376,40.18,2.832,138.9,3.43,28.09,24.06,13.05,40.18,131.3303,20.27903,231.67043,1.06560
01,2008,191,1255,878.61790,955.50420,53.22715,0.24040,9.61608,40.05,2.241,135.1,3.332,28.05,24.11,13.05,40.05,132.1953,20.43810,232.15325,1.06669
01,2008,191,1256,878.82040,954.39920,53.18041,0.23992,9.59689,40.31,2.251,128.7,2.94,28,24.16,12.99,40.31,131.7613,20.59821,232.62966,1.06781
01,2008,191,1257,880.124,954.41330,53.18681,0.23968,9.58710,40.3,1.003,110,2.156,27.92,24.21,13.03,40.3,131.4292,20.75934,233.09976,1.06894
01,2008,191,1258,880.61620,952.43950,53.17228,0.23943,9.57706,40.38,0.384,57.15,1.078,27.85,24.27,13.04,40.38,129.8816,20.92145,233.56367,1.07009
01,2008,191,1259,881.14480,950.69540,53.20639,0.23938,9.57507,40.6,1.375,129.3,3.43,27.81,24.32,13.04,40.6,128.5426,21.08452,234.02148,1.07126
01,2008,191,1300,880.33420,950.02640,53.17545,0.23900,9.55993,40.32,1.779,147.7,3.626,27.8,24.35,13.04,40.32,129.5399,21.24854,234.47331,1.07244
01,2008,191,1301,880.81950,949.13280,53.12373,0.23858,9.54332,40.32,1.057,118,1.372,27.8,24.36,13.04,40.32,129.1163,21.41347,234.91926,1.07365
01,2008,191,1302,882.93130,948.57310,53.06298,0.23811,9.52441,40.35,0.751,103,1.176,27.79,24.35,13.04,40.35,127.5270,21.57931,235.35944,1.07487
01,2008,191,1303,882.52970,947.08560,52.98458,0.23752,9.50088,40.59,0.474,75.94,0.98,27.78,24.34,13.04,40.59,127.3609,21.74602,235.79395,1.07611
01,2008,191,1304,883.08340,943.74030,52.94587,0.23714,9.48579,40.94,0.947,68.88,1.47,27.77,24.31,13.04,40.94,124.4616,21.91358,236.22288,1.07737
01,2008,191,1305,881.91430,942.81650,52.91436,0.23678,9.47128,41.05,1.016,61.2,1.372,27.78,24.28,13.04,41.05,125.5933,22.08198,236.64635,1.07865
01,2008,191,1306,883.07060,942.77560,52.8849,0.23645,9.45805,41.15,1.965,64.43,2.94,27.79,24.24,13.05,41.15,125.4650,22.25120,237.06445,1.07994
01,2008,191,1307,882.93520,944.50450,52.79187,0.23585,9.43406,41.04,2.403,61.03,3.038,27.75,24.2,13.05,41.04,128.3149,22.42121,237.47727,1.08126
01,2008,191,1308,880.67030,943.63160,52.73662,0.23535,9.41389,41.09,1.911,61.22,2.842,27.68,24.16,13.05,41.09,130.5405,22.59200,237.88492,1.08259
01,2008,191,1309,874.85680,941.30040,52.59938,0.23450,9.38011,40.85,2.342,62.53,3.626,27.59,24.12,13.05,40.85,134.5866,22.76354,238.28749,1.08394
01,2008,191,1310,875.23960,942.74970,52.5843,0.23410,9.36385,40.66,2.421,66.97,3.332,27.47,24.08,13.05,40.66,136.7049,22.93583,238.68507,1.08531
01,2008,191,1311,877.31960,942.816,52.58435,0.23370,9.34790,40.78,1.71,65.67,2.254,27.32,24.04,13.05,40.78,135.8917,23.10884,239.07775,1.08671
01,2008,191,1312,877.86090,940.59280,52.58321,0.23337,9.33492,40.91,1.486,72.2,2.254,27.19,24.04,13.05,40.91,134.2190,23.28256,239.46563,1.08811
01,2008,191,1313,879.66950,940.63780,52.62416,0.23317,9.32699,40.77,1.568,94,2.254,27.07,24.06,13.05,40.77,133.6648,23.45697,239.84879,1.08955
01,2008,191,1314,879.154,939.14010,52.55665,0.23254,9.30155,40.87,2.269,101.7,3.038,26.97,24.1,13.05,40.87,133.7132,23.63206,240.22732,1.09099
01,2008,191,1315,876.687,936.10950,52.39091,0.23149,9.25967,41,2.282,105,3.332,26.86,24.16,13.05,41,134.0244,23.80780,240.60131,1.09246
01,2008,191,1316,875.98460,933.97830,52.29075,0.23071,9.22822,40.67,2.373,95.7,3.038,26.76,24.21,13.05,40.67,133.6282,23.98418,240.97084,1.09395
01,2008,191,1317,876.611,934.03040,52.28698,0.23038,9.21517,40.53,2.386,87.7,3.234,26.65,24.27,13.05,40.53,134.2127,24.16119,241.33600,1.09546
01,2008,191,1318,876.70460,933.72970,52.24603,0.22986,9.19424,40.38,1.062,83,2.156,26.55,24.32,13.05,40.38,134.9429,24.33882,241.69686,1.09699
01,2008,191,1319,876.07420,931.29650,52.16613,0.22911,9.16459,40.62,1.308,88.4,3.038,26.47,24.35,13.05,40.62,134.2110,24.51705,242.05351,1.09853
01,2008,191,1320,876.14860,931.33440,52.11349,0.22851,9.14058,40.86,3.268,92.9,4.802,26.38,24.36,13.05,40.86,135.3198,24.69586,242.40603,1.10010
01,2008,191,1321,874.86520,930.68390,52.055,0.22794,9.11751,40.44,2.011,89.1,2.646,26.27,24.36,13.05,40.44,136.9835,24.87524,242.75448,1.10169
01,2008,191,1322,873.60370,926.925,51.97534,0.22733,9.09309,40.39,1.191,97.1,2.254,26.18,24.35,13.05,40.39,135.5271,25.05518,243.09896,1.10330
01,2008,191,1323,873.93050,923.29910,51.93999,0.22685,9.07404,40.51,0.998,51.94,1.372,26.13,24.33,13.05,40.51,132.7749,25.23567,243.43953,1.10493
01,2008,191,1324,872.08950,921.06110,51.88935,0.22633,9.05315,40.69,0.611,51.23,1.372,26.13,24.29,13.05,40.69,133.3809,25.41669,243.77627,1.10658
01,2008,191,1325,871.61660,918.16560,51.82645,0.22577,9.03089,41.02,0.145,53.35,0.392,26.14,24.26,13.05,41.02,132.1018,25.59823,244.10924,1.10825
01,2008,191,1326,872.90990,915.03470,51.71288,0.22508,9.00328,41.38,0.441,87.8,0.784,26.18,24.22,13.05,41.38,129.0068,25.78028,244.43852,1.10994
01,2008,191,1327,872.99780,911.35190,51.57301,0.22435,8.97413,41.74,0.328,106.1,0.882,26.25,24.18,13.05,41.74,126.4586,25.96283,244.76418,1.11165
01,2008,191,1328,873.34980,908.68610,51.56183,0.22401,8.96026,41.92,1.666,132.6,4.018,26.35,24.14,13.05,41.92,124.7017,26.14587,245.08629,1.11339
01,2008,191,1329,874.08170,908.90520,51.48766,0.22342,8.93694,41.74,2.21,127.1,2.744,26.44,24.1,13.05,41.74,125.5015,26.32938,245.40491,1.11514
01,2008,191,1330,873.72390,908.68590,51.44625,0.22311,8.92442,41.47,0.83,143.7,1.862,26.48,24.06,13.05,41.47,126.8513,26.51336,245.72010,1.11692
01,2008,191,1331,874.51210,906.63480,51.40383,0.22272,8.90887,41.51,2.541,131.6,4.41,26.55,24.03,13.05,41.51,125.3555,26.69779,246.03194,1.11872
01,2008,191,1332,873.17240,906.53750,51.31307,0.22212,8.88499,41.29,1.774,132.1,3.626,26.6,23.99,13.06,41.29,127.7250,26.88266,246.34047,1.12054
01,2008,191,1333,873.15770,904.77140,51.21946,0.22148,8.85929,41.23,2.582,113.6,4.704,26.64,23.95,13.06,41.23,127.2530,27.06797,246.64577,1.12238
01,2008,191,1334,874.08510,905.77870,51.18654,0.22108,8.84337,41.33,3.711,110.6,4.508,26.63,23.92,13.06,41.33,128.7279,27.25370,246.94790,1.12425
01,2008,191,1335,873.87020,906.50870,51.15803,0.22075,8.83010,40.98,3.154,108.8,4.116,26.58,23.94,13.06,40.98,130.9532,27.43985,247.24691,1.12613
01,2008,191,1336,873.70720,904.94450,51.11745,0.22032,8.81283,40.84,2.687,107.8,3.038,26.5,23.97,13.05,40.84,130.8487,27.62640,247.54286,1.12804
01,2008,191,1337,871.92130,903.13480,51.01125,0.21952,8.78085,40.9,2.163,103.2,2.548,26.43,24.02,13.05,40.9,131.9446,27.81335,247.83580,1.12997
01,2008,191,1338,869.46810,899.44770,50.86212,0.21857,8.74294,41.12,2.502,105.2,3.724,26.35,24.08,13.05,41.12,131.7578,28.00069,248.12580,1.13193
01,2008,191,1339,867.70540,896.496,50.76324,0.21785,8.71418,41.02,2.394,109.3,3.038,26.29,24.15,13.05,41.02,131.7012,28.18840,248.41291,1.13391
01,2008,191,1340,867.47020,894.42740,50.71677,0.21737,8.69494,40.94,1.957,112.4,2.842,26.22,24.2,13.05,40.94,131.1892,28.37648,248.69718,1.13591
01,2008,191,1341,867.895,893.47990,50.68235,0.21688,8.67507,41.06,1.937,109.3,2.646,26.17,24.24,13.05,41.06,131.2287,28.56493,248.97866,1.13793
01,2008,191,1342,867.28810,889.44480,50.55531,0.21608,8.64312,41.53,1.395,134.9,2.842,26.15,24.25,13.05,41.53,129.0973,28.75373,249.25740,1.13998
01,2008,191,1343,866.72140,886.24260,50.46693,0.21538,8.61526,41.9,2.123,151.6,3.332,26.16,24.25,13.05,41.9,127.7724,28.94288,249.53346,1.14205
01,2008,191,1344,864.25370,885.47480,50.37953,0.21472,8.58888,41.51,1.906,144.6,3.43,26.18,24.24,13.05,41.51,130.5514,29.13236,249.80688,1.14414
01,2008,191,1345,865.75750,884.863,50.3469,0.21431,8.57250,41.36,1.434,147.2,1.862,26.2,24.21,13.05,41.36,130.0265,29.32217,250.07771,1.14626
01,2008,191,1346,867.63270,883.24710,50.3082,0.21385,8.55417,41.3,1.202,142,1.862,26.22,24.18,13.05,41.3,128.1899,29.51231,250.34599,1.14840
01,2008,191,1347,869.82430,881.21340,50.25964,0.21339,8.53557,41.24,0.929,114.9,1.372,26.25,24.14,13.05,41.24,125.6774,29.70277,250.61179,1.15057
01,2008,191,1348,872.74340,879.68630,50.1664,0.21276,8.51032,41.17,1.694,103.7,2.254,26.27,24.1,13.05,41.17,123.0588,29.89353,250.87513,1.15276
01,2008,191,1349,872.11680,877.53360,50.02308,0.21196,8.47824,41.18,1.728,109.5,2.156,26.3,24.07,13.05,41.18,122.9030,30.08460,251.13606,1.15498
01,2008,191,1350,871.56340,875.19120,49.90434,0.21125,8.44999,41.27,1.277,115.8,1.666,26.32,24.03,13.05,41.27,122.5028,30.27596,251.39463,1.15722
01,2008,191,1351,870.28110,872.60970,49.80319,0.21057,8.42273,41.5,0.871,142.4,1.372,26.34,23.99,13.06,41.5,122.5006,30.46761,251.65089,1.15948
01,2008,191,1352,870.12290,869.51370,49.74161,0.21010,8.40391,41.59,0.603,160.5,1.274,26.39,23.96,13.06,41.59,121.0231,30.65954,251.90486,1.16177
01,2008,191,1353,870.779,867.28210,49.67281,0.20958,8.38301,41.49,1.429,150.7,1.764,26.47,23.95,13.06,41.49,119.7209,30.85176,252.15659,1.16409
01,2008,191,1354,869.846,865.37460,49.56929,0.20891,8.35639,41.38,1.085,162.8,2.058,26.55,23.98,13.05,41.38,120.1172,31.04424,252.40613,1.16643
01,2008,191,1355,868.70940,860.73910,49.39745,0.20803,8.32124,41.49,1.065,20.28,2.156,26.65,24.02,13.05,41.49,117.9667,31.23698,252.65351,1.16880
01,2008,191,1356,866.98450,857.43850,49.23449,0.20726,8.29057,41.48,0.791,104.5,1.666,26.74,24.07,12.99,41.48,117.6597,31.42998,252.89876,1.17120
01,2008,191,1357,867.89340,855.55550,49.19267,0.20692,8.27673,41.55,1.297,159,2.352,26.85,24.13,13.03,41.55,116.5318,31.62324,253.14194,1.17362
01,2008,191,1358,866.27560,851.82430,49.01602,0.20607,8.24282,41.69,0.733,160,1.176,26.97,24.19,13.05,41.69,115.7164,31.81674,253.38307,1.17606
01,2008,191,1359,867.71910,849.22810,48.93176,0.20551,8.22058,41.92,1.777,166.1,2.45,27.11,24.24,13.04,41.92,113.4448,32.01049,253.62219,1.17854
01,2008,191,1400,866.74640,847.35420,48.81151,0.20484,8.19376,41.53,1.704,172.6,2.352,27.25,24.27,13.04,41.53,113.9554,32.20447,253.85933,1.18104
01,2008,191,1401,865.30730,844.64,48.65311,0.20409,8.1636,41.44,0.988,165.3,1.47,27.39,24.28,13.04,41.44,114.0262,32.39868,254.09454,1.18357
01,2008,191,1402,865.162,841.936,48.55289,0.20359,8.14349,41.52,0.903,167.1,1.47,27.54,24.28,13.04,41.52,113.0222,32.59312,254.32784,1.18612
01,2008,191,1403,865.63530,839.55110,48.45064,0.20301,8.12056,41.6,0.497,126.6,1.176,27.7,24.26,13.04,41.6,111.8270,32.78778,254.55927,1.18870
01,2008,191,1404,866.778,837.35780,48.35566,0.20248,8.09928,41.86,0.97,153.7,1.47,27.87,24.24,13.04,41.86,110.2737,32.98266,254.78885,1.19131
01,2008,191,1405,866.83890,834.69670,48.23427,0.20186,8.07425,41.93,1.018,137.7,2.156,28.04,24.2,13.05,41.93,109.1725,33.17774,255.01664,1.19395
01,2008,191,1406,867.85280,834.58420,48.14826,0.20136,8.05450,42.05,1.638,109.1,2.254,28.19,24.17,13.05,42.05,109.8344,33.37303,255.24264,1.19662
01,2008,191,1407,867.35230,833.75740,48.01548,0.20067,8.02694,42.18,1.334,132.8,2.156,28.3,24.13,13.05,42.18,111.0577,33.56853,255.46690,1.19932
01,2008,191,1408,866.77870,830.31810,47.85594,0.19986,7.99446,42.52,0.413,116.2,1.078,28.36,24.09,13.05,42.52,109.7375,33.76422,255.68945,1.20204
01,2008,191,1409,865.37420,825.60550,47.64938,0.19871,7.94856,42.7,0.42,46.77,1.862,28.22,24.05,13.05,42.7,107.8410,33.96010,255.91031,1.20480
01,2008,191,1410,863.59750,822.847,47.51127,0.19777,7.91076,42.49,1.922,164.1,2.45,28.11,24.01,13.05,42.49,108.2112,34.15618,256.12952,1.20758
01,2008,191,1411,860.21620,821.64230,47.39,0.19692,7.87690,41.96,2.381,151.9,2.842,28.04,23.97,13.05,41.96,111.4631,34.35243,256.34710,1.21040
01,2008,191,1412,857.65690,821.11950,47.27716,0.19614,7.84566,41.62,2.125,147.5,2.744,27.99,23.95,13.05,41.62,114.7166,34.54887,256.56308,1.21324
01,2008,191,1413,858.82110,820.72620,47.20801,0.19549,7.81955,41.73,1.334,139.9,2.94,27.94,23.96,13.05,41.73,115.0399,34.74548,256.77748,1.21611
01,2008,191,1414,858.95680,818.65970,47.09049,0.19464,7.78547,41.91,1.173,102.5,2.058,27.89,24,13.05,41.91,114.5474,34.94227,256.99034,1.21902
01,2008,191,1415,859.26290,815.46430,46.95117,0.19377,7.75080,41.9,0.823,107.3,2.156,27.82,24.05,13.05,41.9,112.7970,35.13922,257.20169,1.22195
01,2008,191,1416,861.74380,813.97960,46.8925,0.19319,7.72745,41.99,1.552,106.4,1.96,27.76,24.1,13.05,41.99,110.9940,35.33633,257.41154,1.22492
01,2008,191,1417,861.03380,812.13870,46.77729,0.19235,7.69416,41.68,2.688,101.2,3.528,27.68,24.16,13.05,41.68,111.4512,35.53361,257.61992,1.22792
01,2008,191,1418,859.19090,811.217,46.67849,0.19155,7.66202,41.25,2.244,98.5,2.646,27.56,24.22,13.05,41.25,113.7540,35.73104,257.82686,1.23095
01,2008,191,1419,858.09930,809.41630,46.57486,0.19072,7.62884,41.27,1.643,105.5,2.45,27.41,24.26,13.05,41.27,114.5716,35.92863,258.03238,1.23401
01,2008,191,1420,857.07410,806.02340,46.47377,0.18985,7.59394,41.48,2.174,81.4,4.214,27.26,24.28,13.05,41.48,113.7486,36.12637,258.23651,1.23710
01,2008,191,1421,854.78130,802.90670,46.32465,0.18880,7.55217,41.77,3.474,99.7,4.41,27.12,24.28,13.05,41.77,114.2285,36.32424,258.43927,1.24023
01,2008,191,1422,852.90160,802.65750,46.2169,0.18793,7.51710,41.81,3.299,102.3,4.9,26.96,24.27,13.05,41.81,117.2439,36.52227,258.64068,1.24339
01,2008,191,1423,850.41810,801.44380,46.07471,0.18693,7.47722,41.43,3.45,90.2,4.214,26.77,24.25,13.05,41.43,119.7805,36.72043,258.84076,1.24658
01,2008,191,1424,850.09340,799.55260,46.00304,0.18620,7.44794,41.33,3.561,94.6,4.802,26.55,24.21,13.05,41.33,119.9128,36.91873,259.03954,1.24980
01,2008,191,1425,848.526,797.14690,45.88121,0.18525,7.40994,41.75,2.502,93.9,3.92,26.33,24.17,13.05,41.75,120.5295,37.11716,259.23704,1.25306
01,2008,191,1426,847.50560,793.24010,45.75399,0.18424,7.36962,42.15,1.597,87.6,3.234,26.13,24.13,13.05,42.15,119.2128,37.31572,259.43329,1.25636
01,2008,191,1427,846.18630,790.56620,45.62071,0.18320,7.32817,41.7,3.762,100.5,5.096,25.96,24.09,13.05,41.7,119.3710,37.51440,259.62829,1.25969
01,2008,191,1428,844.01180,789.03370,45.52707,0.18231,7.2925,41.41,2.442,106.1,3.724,25.78,24.06,13.05,41.41,121.3507,37.71321,259.82207,1.26305
01,2008,191,1429,844.12760,787.54380,45.46645,0.18158,7.26336,41.68,2.862,114.4,3.724,25.62,24.02,13.06,41.68,121.5660,37.91213,260.01466,1.26645
01,2008,191,1430,845.11650,785.26440,45.43606,0.18105,7.24187,42.06,1.983,109.9,3.136,25.89,23.97,13.06,42.06,120.3144,38.11118,260.20607,1.26988
01,2008,191,1431,844.92180,780.61460,45.27452,0.18024,7.20962,42.45,0.763,130.4,2.156,26.09,23.95,13.06,42.45,117.6344,38.31034,260.39632,1.27336
01,2008,191,1432,844.19690,775.64510,45.10744,0.17938,7.17504,42.78,0.995,116.7,1.96,26.22,23.96,13.06,42.78,115.0578,38.50961,260.58543,1.27686
01,2008,191,1433,845.36830,773.35860,45.01921,0.17878,7.15132,42.71,1.837,122.8,2.744,26.33,23.99,13.05,42.71,113.6904,38.70898,260.77342,1.28041
01,2008,191,1434,847.65510,773.22980,44.9954,0.17845,7.13807,42.48,2.538,143.3,3.43,26.43,24.04,13.05,42.48,113.6267,38.90847,260.96031,1.28399
01,2008,191,1435,844.825,771.21530,44.82866,0.17759,7.10372,42.27,1.88,139.8,2.94,26.5,24.1,13.05,42.27,115.6668,39.10805,261.14612,1.28761
01,2008,191,1436,844.27320,767.85850,44.65807,0.17668,7.06709,42.6,1.449,107.9,2.548,26.57,24.16,13.05,42.6,114.5982,39.30774,261.33086,1.29126
01,2008,191,1437,845.41610,764.98410,44.48688,0.17573,7.02923,42.41,2.084,109.2,3.038,26.63,24.21,13.05,42.41,112.7108,39.50752,261.51455,1.29496
01,2008,191,1438,845.43660,762.04040,44.35,0.17491,6.99656,42.2,1.143,104,1.764,26.68,24.25,13.05,42.2,111.6316,39.70740,261.69721,1.29869
01,2008,191,1439,845.42120,757.30330,44.19445,0.17403,6.96102,42.44,1.044,75.23,1.666,26.75,24.27,13.05,42.44,108.7953,39.90737,261.87885,1.30246
01,2008,191,1440,844.58110,753.64070,44.0347,0.17313,6.92529,42.36,0.593,93.8,1.274,26.83,24.28,13.05,42.36,107.6731,40.10743,262.05950,1.30628
01,2008,191,1441,843.71470,750.24320,43.85389,0.17216,6.88627,42.53,0.947,119.5,1.568,26.91,24.27,13.05,42.53,106.8408,40.30757,262.23917,1.31013
01,2008,191,1442,842.89690,747.51750,43.72151,0.17137,6.85466,42.71,1.803,117.4,2.94,26.98,24.24,13.05,42.71,106.6482,40.50780,262.41787,1.31402
01,2008,191,1443,840.68870,745.24370,43.54166,0.17042,6.81691,42.55,3.177,106.2,4.9,27.02,24.21,13.05,42.55,107.9664,40.70812,262.59562,1.31795
01,2008,191,1444,838.50430,743.60690,43.36399,0.16946,6.77844,42.64,1.599,120.4,3.332,27.03,24.17,13.05,42.64,109.9021,40.90851,262.77244,1.32193
01,2008,191,1445,839.25560,741.54270,43.29929,0.16885,6.75409,42.75,2.648,118.5,3.332,27.05,24.13,13.05,42.75,109.1969,41.10898,262.94834,1.32595
01,2008,191,1446,838.059,739.649,43.15075,0.16796,6.71833,42.51,1.653,123.3,2.548,27.05,24.1,13.05,42.51,110.1373,41.30953,263.12334,1.33001
01,2008,191,1447,837.16050,736.71930,42.99965,0.16705,6.68196,42.48,2.025,116.6,3.038,27.05,24.05,13.05,42.48,109.8214,41.51015,263.29744,1.33411
01,2008,191,1448,836.62930,733.963,42.85076,0.16616,6.64637,42.53,1.493,127.3,2.646,27.03,24.02,13.05,42.53,109.4089,41.71084,263.47067,1.33825
01,2008,191,1449,835.16990,729.74630,42.66847,0.16515,6.60590,42.77,2.713,139.6,4.41,27.03,23.98,13.06,42.77,108.2326,41.91159,263.64304,1.34244
01,2008,191,1450,833.80230,728.19340,42.52515,0.16426,6.57028,42.33,3.451,149.6,4.704,27.04,23.94,13.06,42.33,109.6534,42.11242,263.81457,1.34667
01,2008,191,1451,832.60940,727.96730,42.46053,0.16360,6.54391,42.01,2.697,150.3,4.312,27.04,23.92,13.06,42.01,112.2737,42.31331,263.98526,1.35095
01,2008,191,1452,830.97310,724.56810,42.25533,0.16249,6.49962,42.09,1.388,147.3,1.862,27.05,23.94,13.06,42.09,112.0502,42.51426,264.15513,1.35527
01,2008,191,1453,831.951,722.27670,42.11922,0.16169,6.46742,42.31,3.389,144.8,5.488,27.06,23.98,13.05,42.31,111.0142,42.71527,264.32420,1.35964
01,2008,191,1454,831.54080,721.67110,42.01601,0.16095,6.43793,42.26,3.381,145.6,5.39,27.05,24.04,13.05,42.26,112.6933,42.91634,264.49247,1.36406
01,2008,191,1455,832.35410,719.42610,41.86792,0.16008,6.40301,42.45,2.027,145,3.332,27.03,24.1,13.05,42.45,111.8460,43.11747,264.65997,1.36852
01,2008,191,1456,831.79240,715.98380,41.67649,0.15902,6.36094,42.36,2.339,148.5,3.332,27.04,24.16,12.99,42.36,110.8136,43.31865,264.82669,1.37303
01,2008,191,1457,831.73820,713.10330,41.52757,0.15812,6.32467,42.48,1.787,127.3,2.45,27.06,24.22,13.03,42.48,109.9804,43.51988,264.99266,1.37758
01,2008,191,1458,831.84610,709.36490,41.37926,0.15724,6.28958,42.73,0.572,128.7,1.176,27.09,24.27,13.05,42.73,108.1798,43.72116,265.15789,1.38219
01,2008,191,1459,832.025,704.85,41.1833,0.15623,6.24935,42.83,1.437,110.6,2.548,27.13,24.3,13.04,42.83,105.5600,43.92249,265.32239,1.38684
01,2008,191,1500,831.09940,702.68360,41.01248,0.15530,6.21197,42.6,2.035,118.2,2.45,27.17,24.32,13.04,42.6,106.0903,44.12387,265.48617,1.39155
01,2008,191,1501,829.49930,699.12660,40.81289,0.15425,6.16994,42.66,1.442,108.5,3.724,27.18,24.32,13.04,42.66,105.7158,44.32529,265.64924,1.39630
01,2008,191,1502,827.045,696.76870,40.6414,0.15328,6.13114,42.65,3.17,132.1,4.704,27.18,24.3,13.04,42.65,107.1493,44.52676,265.81162,1.40111
01,2008,191,1503,825.09550,695.34550,40.52211,0.15248,6.09932,42.45,2.625,147.2,3.43,27.15,24.28,13.04,42.45,109.1544,44.72826,265.97331,1.40596
01,2008,191,1504,823.81950,692.32590,40.35212,0.15155,6.06195,42.16,2.719,151,4.116,27.13,24.25,13.04,42.16,109.0843,44.92981,266.13433,1.41087
01,2008,191,1505,822.95510,690.20950,40.21993,0.15071,6.02855,42.07,1.968,135.6,3.136,27.13,24.21,13.05,42.07,109.6283,45.13139,266.29468,1.41584
01,2008,191,1506,822.16090,686.908,40.04168,0.14973,5.98905,42.18,1.663,131.6,3.332,27.14,24.17,13.05,42.18,108.9411,45.33301,266.45439,1.42085
01,2008,191,1507,821.60750,684.54270,39.84951,0.14872,5.94862,42.23,1.704,133.5,2.842,27.14,24.13,13.05,42.23,109.0250,45.53466,266.61345,1.42592
01,2008,191,1508,821.33970,680.191,39.67292,0.14774,5.90964,42.51,0.817,139,1.862,27.14,24.09,13.05,42.51,106.9278,45.73634,266.77188,1.43104
01,2008,191,1509,820.41230,675.43330,39.50331,0.14676,5.87050,42.74,1.579,121.3,2.45,27.16,24.04,13.05,42.74,104.8894,45.93806,266.92970,1.43622
01,2008,191,1510,821.48380,673.99660,39.33283,0.14580,5.83195,42.78,0.941,92.3,1.862,27.18,24,13.05,42.78,104.7896,46.13980,267.08690,1.44146
01,2008,191,1511,821.87,670.37840,39.16082,0.14485,5.79402,42.81,1.984,169.1,2.94,27.22,23.96,13.06,42.81,102.9942,46.34157,267.24350,1.44675
01,2008,191,1512,820.17830,667.33310,39.01047,0.14402,5.76066,42.73,2.254,163.7,4.704,27.26,23.92,13.06,42.73,103.2101,46.54337,267.39952,1.45210
01,2008,191,1513,818.38310,664.366,38.81859,0.14306,5.72258,42.97,3.587,149.7,4.704,27.32,23.92,13.06,42.97,103.5738,46.74519,267.55495,1.45751
01,2008,191,1514,818.45620,664.12670,38.69513,0.14228,5.69111,42.99,2.541,145.9,4.116,27.37,23.95,13.06,42.99,105.3878,46.94703,267.70981,1.46298
01,2008,191,1515,816.90610,662.50710,38.5258,0.14134,5.65364,42.86,3.608,145.4,4.998,27.42,23.99,13.05,42.86,106.9330,47.14890,267.86411,1.46850
01,2008,191,1516,815.25210,661.23660,38.37315,0.14047,5.61888,42.49,2.342,142.8,3.528,27.46,24.05,13.05,42.49,108.8967,47.35078,268.01786,1.47409
01,2008,191,1517,814.08720,658.601,38.17739,0.13950,5.57988,42.51,1.664,128.1,3.626,27.48,24.11,13.05,42.51,109.1638,47.55268,268.17106,1.47974
01,2008,191,1518,813.58420,654.35860,37.98488,0.13855,5.54180,42.95,2.476,144.6,3.724,27.5,24.17,13.05,42.95,107.3799,47.75460,268.32373,1.48546
01,2008,191,1519,813.43560,653.05690,37.86362,0.13778,5.5114,42.95,3.392,147.5,4.606,27.51,24.21,13.05,42.95,108.3038,47.95653,268.47587,1.49123
01,2008,191,1520,813.05760,650.626,37.70572,0.13687,5.47465,42.93,3.357,153.2,5.782,27.5,24.25,13.05,42.93,108.2576,48.15848,268.62750,1.49707
01,2008,191,1521,812.32780,648.99180,37.5815,0.13605,5.44184,42.98,4.116,149.7,5.39,27.49,24.26,13.05,42.98,109.2467,48.36043,268.77862,1.50297
01,2008,191,1522,811.09280,647.259,37.40725,0.13508,5.40310,42.64,4.252,151.2,5.292,27.47,24.26,13.05,42.64,110.4746,48.56240,268.92924,1.50894
01,2008,191,1523,811.12320,647.15950,37.22782,0.13412,5.36483,42.69,4.193,151.2,5.39,27.46,24.24,13.05,42.69,112.5019,48.76438,269.07937,1.51498
01,2008,191,1524,809.697,643.50760,37.00391,0.13302,5.32069,42.99,3.938,145.9,5.194,27.44,24.22,13.05,42.99,111.9399,48.96636,269.22901,1.52108
01,2008,191,1525,810.43910,641.78250,36.85811,0.13213,5.28518,43.08,4.384,153.6,5.88,27.42,24.19,13.05,43.08,111.8861,49.16835,269.37818,1.52725
01,2008,191,1526,810.02540,639.19870,36.68407,0.13116,5.24638,42.89,2.468,161.5,3.822,27.4,24.16,13.05,42.89,111.7368,49.37035,269.52689,1.53350
01,2008,191,1527,807.69350,635.48440,36.46396,0.13007,5.20281,42.95,3.102,157.1,4.802,27.41,24.12,13.05,42.95,111.7053,49.57234,269.67513,1.53981
01,2008,191,1528,804.14910,630.47740,36.20221,0.12889,5.15544,43.15,2.378,144.2,3.332,27.41,24.08,13.05,43.15,111.1582,49.77434,269.82293,1.54619
01,2008,191,1529,803.69010,626.63730,36.02162,0.12795,5.11810,43.37,2.411,145.3,3.724,27.43,24.03,13.06,43.37,109.7811,49.97635,269.97028,1.55265
01,2008,191,1530,802.17790,622.65780,35.83633,0.12698,5.07921,43.51,2.613,157.7,3.724,27.45,23.99,13.06,43.51,108.9431,50.17835,270.11719,1.55918
01,2008,191,1531,802.889,620.06770,35.66562,0.12605,5.04197,43.27,2.52,159.6,3.332,27.48,23.96,13.06,43.27,108.0748,50.38034,270.26367,1.56578
01,2008,191,1532,799.68110,617.24470,35.42994,0.12494,4.99758,43.13,2.104,159.8,3.038,27.52,23.98,13.06,43.13,109.4722,50.58234,270.40974,1.57246
01,2008,191,1533,797.72860,613.03670,35.20929,0.12388,4.95526,43.37,1.287,163,2.058,27.57,24.02,13.06,43.37,108.6798,50.78433,270.55539,1.57921
01,2008,191,1534,798.38920,609.05260,35.00701,0.12290,4.91581,43.74,0.467,137.5,1.176,27.63,24.06,13.05,43.74,106.4617,50.98631,270.70063,1.58604
01,2008,191,1535,797.75010,604.65950,34.79763,0.12190,4.87608,43.98,1.929,155.8,3.528,27.71,24.12,13.05,43.98,104.6591,51.18828,270.84548,1.59296
01,2008,191,1536,794.24230,601.926,34.58308,0.12091,4.83624,43.34,4.712,154.2,6.664,27.79,24.17,13.05,43.34,106.3088,51.39025,270.98993,1.59995
01,2008,191,1537,790.75640,600.11870,34.41193,0.12003,4.80135,42.72,2.404,164.5,3.43,27.84,24.22,13.05,42.72,108.8578,51.59221,271.13400,1.60702
01,2008,191,1538,791.02380,597.31150,34.26071,0.11924,4.76943,42.72,2.767,164.5,3.332,27.89,24.26,13.05,42.72,108.0723,51.79415,271.27769,1.61417
01,2008,191,1539,790.47470,594.06650,34.07314,0.11833,4.73320,42.92,2.468,165.9,3.234,27.94,24.28,13.05,42.92,107.3591,51.99609,271.42100,1.62141
01,2008,191,1540,789.20330,590.03940,33.85477,0.11732,4.69280,43.12,2.483,166.5,3.136,27.99,24.28,13.05,43.12,106.3094,52.19801,271.56395,1.62874
01,2008,191,1541,787.93960,586.86110,33.66449,0.11638,4.65527,43.13,2.385,158.4,2.94,28.04,24.26,13.05,43.13,106.1026,52.39991,271.70655,1.63615
01,2008,191,1542,787.68040,585.24710,33.47339,0.11544,4.61772,43.26,2.265,161.8,2.94,28.09,24.24,13.05,43.26,106.8487,52.60180,271.84879,1.64364
01,2008,191,1543,786.96110,582.83690,33.28109,0.11451,4.58049,43.24,2.824,150.4,4.214,28.13,24.21,13.05,43.24,107.0811,52.80367,271.99068,1.65123
01,2008,191,1544,784.97770,581.78930,33.10521,0.11362,4.54476,43.06,2.47,148.1,3.332,28.15,24.17,13.05,43.06,109.4384,53.00552,272.13223,1.65890
01,2008,191,1545,783.80410,578.33460,32.91364,0.11268,4.50706,43.13,1.357,155.1,1.96,28.13,24.13,13.05,43.13,108.8980,53.20736,272.27345,1.66667
01,2008,191,1546,783.63560,574.80710,32.69367,0.11166,4.46626,43.28,2.056,142.8,4.802,28.13,24.08,13.05,43.28,107.6847,53.40917,272.41435,1.67453
01,2008,191,1547,782.51120,572.84120,32.51374,0.11075,4.43006,43.3,2.563,135.7,4.704,28.11,24.04,13.06,43.3,108.6047,53.61095,272.55492,1.68248
01,2008,191,1548,782.02170,569.34480,32.35864,0.10990,4.39615,43.39,1.869,137.6,3.038,28.07,24.01,13.06,43.39,107.6185,53.81272,272.69518,1.69053
01,2008,191,1549,781.15240,565.51560,32.16044,0.10895,4.35787,43.35,0.663,127.8,1.568,28.05,23.97,13.06,43.35,106.5253,54.01446,272.83513,1.69867
01,2008,191,1550,780.11380,561.52840,31.94832,0.10794,4.31756,43.44,2.257,115.8,3.528,28.03,23.94,13.06,43.44,105.3735,54.21618,272.97477,1.70692
01,2008,191,1551,778.57570,560.10880,31.74387,0.10696,4.27840,43.44,2.7,132.4,4.214,27.98,23.94,13.06,43.44,107.0794,54.41786,273.11412,1.71527
01,2008,191,1552,775.57270,557.32940,31.52556,0.10592,4.23691,43.44,2.074,125.8,4.606,27.91,23.97,13.06,43.44,108.2702,54.61952,273.25317,1.72371
01,2008,191,1553,773.35880,554.22740,31.31094,0.10490,4.19611,43.36,3.107,130.1,5.194,27.83,24.02,13.05,43.36,108.6717,54.82115,273.39194,1.73226
01,2008,191,1554,770.45820,550.68290,31.09564,0.10388,4.15503,43.02,3.165,138.2,4.214,27.72,24.07,13.05,43.02,109.0169,55.02275,273.53043,1.74092
01,2008,191,1555,767.928,548.43070,30.87028,0.10282,4.11271,42.85,2.894,119.3,3.724,27.61,24.12,13.05,42.85,110.4315,55.22432,273.66864,1.74968
01,2008,191,1556,766.472,545.13640,30.66716,0.10184,4.07351,43.05,2.148,120.6,3.43,27.48,24.18,12.99,43.05,110.1848,55.42586,273.80659,1.75855
01,2008,191,1557,764.64230,540.56380,30.43542,0.10077,4.03066,43.36,2.318,130.7,3.43,27.36,24.23,13.03,43.36,108.8674,55.62736,273.94427,1.76754
01,2008,191,1558,762.25430,537.13390,30.22345,0.09976,3.99031,43.42,2.769,143.7,4.018,27.26,24.26,13.05,43.42,109.0007,55.82883,274.08169,1.77663
01,2008,191,1559,758.827,532.91930,30.00068,0.09872,3.94882,43.42,2.968,154.6,3.822,27.16,24.27,13.05,43.42,108.9209,56.03026,274.21886,1.78584
01,2008,191,1600,756.75460,528.66670,29.76783,0.09767,3.90680,43.37,2.506,145.3,3.626,27.09,24.27,13.05,43.37,108.0349,56.23165,274.35577,1.79516
01,2008,191,1601,756.59330,526.49330,29.57828,0.09676,3.87025,43.51,1.63,131.4,2.744,27.03,24.26,13.04,43.51,108.1640,56.43300,274.49245,1.80461
01,2008,191,1602,755.94850,524.10110,29.38724,0.09585,3.83406,43.48,2.396,135,3.234,26.98,24.23,13.04,43.48,108.3441,56.63432,274.62889,1.81417
01,2008,191,1603,753.40540,520.06270,29.15425,0.09482,3.79287,43.44,1.852,155.1,3.822,26.92,24.19,13.04,43.44,107.9173,56.83559,274.76509,1.82385
01,2008,191,1604,751.145,516.33460,28.91911,0.09381,3.75227,43.56,4.449,146.2,5.684,26.88,24.15,13.04,43.56,107.6367,57.03683,274.90107,1.83366
01,2008,191,1605,750.37280,514.95860,28.78758,0.09307,3.72276,43.12,4.235,147.7,5.096,26.84,24.11,13.05,43.12,108.8941,57.23802,275.03683,1.84360
01,2008,191,1606,747.66020,512.45310,28.58739,0.09215,3.68602,42.84,3.992,148.2,5.39,26.81,24.07,13.05,42.84,110.0663,57.43917,275.17236,1.85366
01,2008,191,1607,744.63210,509.19810,28.36515,0.09118,3.64726,42.89,3.905,145.4,5.292,26.77,24.03,13.05,42.89,110.6462,57.64027,275.30768,1.86385
01,2008,191,1608,744.13840,506.14030,28.18924,0.09035,3.6141,42.77,3.216,138,4.116,26.73,24.04,13.05,42.77,110.0608,57.84132,275.44280,1.87418
01,2008,191,1609,744.99850,503.82160,28.03461,0.08959,3.58376,42.72,1.826,134.9,2.45,26.67,24.08,13.05,42.72,109.4994,58.04233,275.57771,1.88464
01,2008,191,1610,744.64860,498.72950,27.81577,0.08864,3.54566,43.12,1.713,152.9,2.646,26.63,24.12,13.05,43.12,106.8109,58.24329,275.71242,1.89524
01,2008,191,1611,745.12420,494.49080,27.63059,0.08779,3.51166,43.43,1.854,148.4,3.332,26.62,24.17,13.05,43.43,104.5459,58.44420,275.84694,1.90598
01,2008,191,1612,744.90390,492.10450,27.4301,0.08690,3.47592,43.21,2.752,142,3.822,26.61,24.22,13.05,43.21,104.5026,58.64506,275.98127,1.91687
01,2008,191,1613,743.38350,489.58750,27.21063,0.08598,3.43911,43.22,2.468,154.6,3.528,26.58,24.28,13.05,43.22,105.0040,58.84587,276.11541,1.92789
01,2008,191,1614,741.95070,486.036,26.97018,0.08501,3.40037,43.46,2.612,137.9,3.626,26.56,24.32,13.05,43.46,104.4208,59.04663,276.24937,1.93907
01,2008,191,1615,739.79680,481.53160,26.73693,0.08405,3.36189,43.63,2.3,121.9,3.528,26.56,24.35,13.05,43.63,103.2490,59.24733,276.38316,1.95040
01,2008,191,1616,738.53580,477.94850,26.52474,0.08315,3.32594,43.73,2.342,130.3,4.312,26.55,24.36,13.05,43.73,102.5356,59.44798,276.51677,1.96188
01,2008,191,1617,735.35560,473.72490,26.26315,0.08212,3.28473,43.71,3.028,139.1,6.076,26.54,24.35,13.05,43.71,102.1479,59.64857,276.65022,1.97351
01,2008,191,1618,732.43620,470.86650,26.07446,0.08129,3.25161,43.3,4.807,142.3,6.958,26.52,24.33,13.05,43.3,102.9792,59.84911,276.78350,1.98531
01,2008,191,1619,731.23360,469.14510,25.9297,0.08058,3.22312,43.01,4.356,143.2,5.782,26.47,24.29,13.05,43.01,104.0765,60.04958,276.91662,1.99727
01,2008,191,1620,729.70430,466.49420,25.71759,0.07969,3.18742,43.09,2.826,152.5,3.92,26.41,24.25,13.05,43.09,104.4029,60.25000,277.04960,2.00939
01,2008,191,1621,729.39280,463.33830,25.52019,0.07883,3.15332,43.42,3.523,159.2,4.508,26.35,24.21,13.05,43.42,103.6182,60.45036,277.18241,2.02168
01,2008,191,1622,728.30430,459.46050,25.32406,0.07798,3.11917,43.08,3.296,166.5,4.312,26.31,24.16,13.05,43.08,102.4943,60.65066,277.31509,2.03414
01,2008,191,1623,726.85760,455.38120,25.11685,0.07711,3.08437,42.93,2.935,166.6,3.528,26.29,24.12,13.05,42.93,101.3404,60.85090,277.44762,2.04678
01,2008,191,1624,725.72950,451.37780,24.89545,0.07622,3.04860,42.96,1.504,155.3,3.038,26.29,24.09,13.05,42.96,100.1030,61.05107,277.58001,2.05960
01,2008,191,1625,724.75650,447.82450,24.64122,0.07525,3.01013,43.23,2.556,133.5,3.822,26.31,24.1,13.05,43.23,99.2378,61.25118,277.71227,2.07260
01,2008,191,1626,723.08870,444.49810,24.4583,0.07447,2.97885,43.32,2.096,156.2,3.038,26.32,24.13,13.05,43.32,98.9291,61.45122,277.84440,2.08578
01,2008,191,1627,721.07140,440.91760,24.25022,0.07363,2.94526,43.23,2.519,150.4,3.332,26.34,24.17,13.05,43.23,98.5255,61.65120,277.97641,2.09915
01,2008,191,1628,717.617,436.70030,24.00342,0.07269,2.90756,43.07,2.228,144.7,2.94,26.36,24.22,13.05,43.07,98.1541,61.85110,278.10829,2.11272
01,2008,191,1629,713.52620,431.81020,23.73464,0.07171,2.86829,42.95,1.757,140.7,2.744,26.37,24.27,13.05,42.95,97.3903,62.05095,278.24006,2.12648
01,2008,191,1630,712.24790,428.06180,23.5111,0.07083,2.83318,43.02,1.155,137.6,2.058,26.39,24.32,13.05,43.02,96.4367,62.25072,278.37171,2.14044
01,2008,191,1631,713.42580,424.81540,23.31005,0.07003,2.80104,43.25,2.414,159.8,3.528,26.41,24.36,13.05,43.25,94.8445,62.45042,278.50325,2.15461
01,2008,191,1632,710.64530,421.14620,23.08535,0.06917,2.76672,43.34,3.03,146.1,3.92,26.44,24.37,13.05,43.34,94.6586,62.65005,278.63469,2.16899
01,2008,191,1633,707.19530,417.48940,22.86367,0.06832,2.73293,43.4,2.955,145.8,3.92,26.47,24.37,13.05,43.4,94.7766,62.84960,278.76602,2.18357
01,2008,191,1634,705.18830,414.10330,22.6461,0.06749,2.69977,43.35,3.149,140.6,4.704,26.48,24.36,13.05,43.35,94.4929,63.04909,278.89725,2.19838
01,2008,191,1635,702.25890,410.71720,22.42556,0.06665,2.66616,43.43,1.748,131.3,3.038,26.48,24.33,13.05,43.43,94.6151,63.24850,279.02839,2.21341
01,2008,191,1636,700.241,407.03240,22.19311,0.06579,2.63151,43.35,1.878,139.3,3.332,26.47,24.29,12.95,43.35,94.0159,63.44783,279.15944,2.22866
01,2008,191,1637,696.116,402.70160,21.94341,0.06487,2.59493,43.34,3.206,134.9,4.312,26.46,24.24,13.02,43.34,93.6964,63.64708,279.29040,2.24415
01,2008,191,1638,694.24150,399.71390,21.75378,0.06412,2.56467,43.2,1.601,144.6,2.842,26.43,24.2,13.05,43.2,93.7052,63.84626,279.42127,2.25988
01,2008,191,1639,692.405,395.58730,21.53237,0.06328,2.53124,43.17,1.996,136.6,3.332,26.4,24.16,13.05,43.17,92.5497,64.04536,279.55207,2.27584
01,2008,191,1640,691.37260,391.78080,21.3162,0.06247,2.49872,43.32,1.584,126.8,2.548,26.37,24.11,13.05,43.32,91.3561,64.24438,279.68279,2.29206
01,2008,191,1641,690.53780,388.12870,21.10238,0.06167,2.46683,43.53,1.326,134.6,3.136,26.35,24.07,13.04,43.53,90.2280,64.44331,279.81344,2.30852
01,2008,191,1642,688.02760,384.66690,20.90175,0.06090,2.43597,43.62,3.781,124.3,6.076,26.34,24.02,13.04,43.62,90.0052,64.64217,279.94401,2.32524
01,2008,191,1643,682.86390,381.72820,20.66432,0.06004,2.40162,43.29,3.982,127.2,5.684,26.29,23.98,13.04,43.29,91.4205,64.84094,280.07452,2.34223
01,2008,191,1644,682.34160,379.41880,20.50129,0.05937,2.37493,43.21,2.249,138.4,3.528,26.22,23.94,13.05,43.21,91.4766,65.03963,280.20497,2.35948
01,2008,191,1645,680.52390,375.68120,20.30081,0.05861,2.34454,43.22,2.566,136.1,4.802,26.16,23.9,13.05,43.22,90.6463,65.23823,280.33536,2.37701
01,2008,191,1646,675.50890,371.72670,20.04994,0.05773,2.30934,43.1,3.334,138.4,4.214,26.12,23.89,13.05,43.1,90.9193,65.43674,280.46569,2.39483
01,2008,191,1647,675.08860,368.81340,19.84007,0.05696,2.27834,43.11,2.749,142,4.018,26.07,23.92,13.05,43.11,90.3087,65.63517,280.59597,2.41293
01,2008,191,1648,674.90170,365.50540,19.65529,0.05625,2.25007,43.34,2.058,140.5,3.822,26.04,23.96,13.05,43.34,89.2077,65.83351,280.72621,2.43132
01,2008,191,1649,673.22080,362.62710,19.4596,0.05552,2.2209,43.37,2.329,127.8,4.214,26.02,24,13.05,43.37,89.1445,66.03176,280.85639,2.45002
01,2008,191,1650,671.07570,359.585,19.24063,0.05475,2.18990,43.3,2.466,131.9,4.41,25.99,24.06,13.05,43.3,89.0962,66.22992,280.98654,2.46902
01,2008,191,1651,669.04140,355.90450,19.03796,0.05401,2.16020,43.11,3.366,142.9,4.41,25.97,24.11,13.05,43.11,88.3539,66.42798,281.11664,2.48834
01,2008,191,1652,666.18880,352.09840,18.8164,0.05323,2.12906,43,2.803,144.6,4.508,25.95,24.16,13.05,43,87.7999,66.62595,281.24671,2.50799
01,2008,191,1653,664.36580,348.429,18.60846,0.05249,2.09942,43.06,3.198,140.8,4.116,25.95,24.19,13.05,43.06,86.9615,66.82383,281.37675,2.52796
01,2008,191,1654,663.54830,345.67950,18.39034,0.05172,2.06895,43.05,2.058,130.2,3.234,25.94,24.21,13.05,43.05,86.6410,67.02161,281.50676,2.54827
01,2008,191,1655,662.39260,342.81340,18.17484,0.05097,2.03895,43.23,2.997,131.9,4.802,25.93,24.21,13.05,43.23,86.3317,67.21930,281.63674,2.56893
01,2008,191,1656,659.42730,339.72060,17.96796,0.05025,2.00999,43.28,3.156,133.8,4.312,25.92,24.2,12.99,43.28,86.4852,67.41689,281.76670,2.58995
01,2008,191,1657,651.86360,334.25270,17.71556,0.04941,1.97632,43.28,2.177,131.8,3.822,25.9,24.17,13.03,43.28,85.9980,67.61438,281.89664,2.61133
01,2008,191,1658,647.43430,330.10820,17.49199,0.04865,1.94599,43.13,3.796,135.4,4.606,25.89,24.14,13.05,43.13,85.6042,67.81177,282.02657,2.63308
01,2008,191,1659,641.96810,326.02950,17.25879,0.04787,1.91481,42.93,2.414,129,3.822,25.87,24.1,13.05,42.93,85.6381,68.00906,282.15648,2.65521
01,2008,191,1700,637.95010,321.43430,17.02272,0.04709,1.88363,42.95,2.398,131.6,3.528,25.86,24.05,13.05,42.95,84.5847,68.20624,282.28639,2.67774
01,2008,191,1701,634.43210,317.21250,16.79634,0.04634,1.85347,43.12,2.488,125.9,3.724,25.85,24.03,13.05,43.12,83.6967,68.40333,282.41628,2.70067
01,2008,191,1702,635.845,315.34270,16.6528,0.04579,1.83151,43.18,2.367,125.3,4.9,25.84,24.04,13.04,43.18,83.3408,68.60031,282.54617,2.72401
01,2008,191,1703,634.21020,311.46990,16.45529,0.04511,1.80456,43.15,1.712,137.6,4.018,25.84,24.07,13.04,43.15,82.0948,68.79718,282.67606,2.74777
01,2008,191,1704,631.44160,307.23820,16.23823,0.04440,1.77588,43.19,1.592,125,2.45,25.84,24.11,13.04,43.19,80.8875,68.99395,282.80596,2.77197
01,2008,191,1705,628.74630,303.93710,16.01691,0.04367,1.74680,43.18,2.839,131.4,4.802,25.84,24.15,13.04,43.18,80.5686,69.19061,282.93586,2.79662
01,2008,191,1706,626.82480,301.157,15.83405,0.04304,1.72171,43.09,3.16,139.1,3.92,25.84,24.2,13.05,43.09,80.4824,69.38716,283.06577,2.82172
01,2008,191,1707,625.30720,298.72530,15.64985,0.04241,1.69657,42.93,2.782,133.8,3.528,25.83,24.26,13.05,42.93,80.5929,69.58360,283.19569,2.84728
01,2008,191,1708,622.26380,295.23660,15.44185,0.04174,1.66980,42.97,2.582,134.3,3.724,25.82,24.3,13.05,42.97,80.1654,69.77992,283.32563,2.87334
01,2008,191,1709,619.16460,291.56920,15.22161,0.04103,1.64117,42.93,2.205,133.8,3.528,25.82,24.33,13.05,42.93,79.5601,69.97614,283.45558,2.89988
01,2008,191,1710,617.23470,288.34760,15.03278,0.04040,1.61590,42.96,1.852,129.7,3.234,25.81,24.34,13.05,42.96,78.9854,70.17224,283.58555,2.92694
01,2008,191,1711,615.93580,284.87290,14.84634,0.03978,1.59115,43.05,2.212,131.8,4.116,25.81,24.34,13.05,43.05,77.9345,70.36822,283.71555,2.95452
01,2008,191,1712,612.99910,281.75120,14.64701,0.03913,1.56530,43.04,3.466,128,4.508,25.8,24.33,13.05,43.04,77.7744,70.56409,283.84557,2.98263
01,2008,191,1713,609.39070,278.08360,14.43931,0.03847,1.53871,43,2.301,128.7,3.038,25.79,24.29,13.05,43,77.2720,70.75984,283.97563,3.01130
01,2008,191,1714,608.07750,275.22230,14.24923,0.03785,1.51382,43.06,2.862,124.3,4.214,25.79,24.25,13.05,43.06,76.8049,70.95548,284.10571,3.04053
01,2008,191,1715,603.96440,271.78230,14.03109,0.03716,1.48647,42.95,3.009,126,4.312,25.78,24.2,13.05,42.95,76.6563,71.15099,284.23583,3.07035
01,2008,191,1716,599.84550,268.11740,13.81445,0.03649,1.45946,42.93,2.501,141,3.332,25.77,24.15,13.05,42.93,76.2591,71.34638,284.36599,3.10077
01,2008,191,1717,596.94280,264.79480,13.60759,0.03584,1.43344,42.93,2.739,143.2,4.508,25.76,24.1,13.05,42.93,75.7936,71.54165,284.49619,3.13181
01,2008,191,1718,594.28320,261.34720,13.40355,0.03520,1.40792,43.04,1.785,141.3,2.646,25.77,24.05,13.05,43.04,75.1091,71.73679,284.62644,3.16349
01,2008,191,1719,592.09380,258.02660,13.20855,0.03458,1.38337,43.09,2.337,129.1,3.528,25.77,24.04,13.05,43.09,74.3895,71.93181,284.75673,3.19582
01,2008,191,1720,589.608,254.69320,13.00509,0.03395,1.35806,43.15,1.756,148.5,2.548,25.77,24.05,13.05,43.15,73.7348,72.12670,284.88707,3.22882
01,2008,191,1721,588.00150,251.35690,12.81078,0.03334,1.33373,43.33,2.355,149.4,3.626,25.77,24.09,13.05,43.33,72.7949,72.32147,285.01746,3.26253
01,2008,191,1722,586.51810,248.90950,12.63885,0.03279,1.31174,43.1,2.904,148.8,3.724,25.77,24.13,13.05,43.1,72.6973,72.51610,285.14791,3.29695
01,2008,191,1723,583.61540,245.64180,12.439,0.03218,1.28722,43.06,2.605,141.8,3.626,25.77,24.17,13.05,43.06,72.1924,72.71060,285.27842,3.33210
01,2008,191,1724,582.87340,242.99730,12.25377,0.03161,1.26444,43.19,3.241,153.7,4.9,25.78,24.22,13.05,43.19,71.6574,72.90497,285.40899,3.36802
01,2008,191,1725,579.834,240.21710,12.06787,0.03104,1.24148,43.06,3.321,156,4.312,25.78,24.27,13.05,43.06,71.6504,73.09921,285.53962,3.40473
01,2008,191,1726,576.03490,237.13090,11.87218,0.03044,1.21770,42.85,3.209,154.1,4.116,25.78,24.31,13.05,42.85,71.5368,73.29331,285.67032,3.44225
01,2008,191,1727,573.726,234.39160,11.68538,0.02987,1.19494,42.76,1.976,155.7,2.94,25.78,24.34,13.05,42.76,71.3225,73.48728,285.80109,3.48061
01,2008,191,1728,570.509,230.77140,11.48316,0.02928,1.17101,42.96,1.878,159.4,2.548,25.79,24.35,13.05,42.96,70.4679,73.68111,285.93192,3.51983
01,2008,191,1729,566.47570,227.08060,11.28697,0.02869,1.14768,42.99,2.705,155.1,3.528,25.79,24.34,13.05,42.99,69.7492,73.87479,286.06284,3.55994
01,2008,191,1730,560.28150,223.28690,11.07681,0.02808,1.12323,42.85,3.587,153.9,4.41,25.79,24.32,13.05,42.85,69.4949,74.06834,286.19383,3.60097
01,2008,191,1731,556.65990,219.96410,10.88207,0.02751,1.10028,42.9,3.49,152,4.116,25.79,24.28,13.05,42.9,68.9739,74.26174,286.32490,3.64296
01,2008,191,1732,553.31510,216.91220,10.69409,0.02695,1.07802,42.92,2.646,153.2,3.332,25.79,24.24,13.05,42.92,68.6265,74.45501,286.45606,3.68593
01,2008,191,1733,551.09930,213.76280,10.51298,0.02642,1.05668,43.01,2.426,157.7,4.116,25.79,24.18,13.05,43.01,67.8613,74.64812,286.58730,3.72993
01,2008,191,1734,549.127,211.04550,10.33763,0.02590,1.03608,42.92,3.446,149,4.312,25.79,24.13,13.05,42.92,67.4504,74.84109,286.71863,3.77497
01,2008,191,1735,546.28750,207.98,10.15785,0.02538,1.01504,42.92,2.394,153,3.234,25.79,24.09,13.05,42.92,66.9027,75.03391,286.85005,3.82111
01,2008,191,1736,542.424,204.20690,9.97057,0.02484,0.99341,42.92,2.54,150.5,3.234,25.79,24.1,13.05,42.92,65.8902,75.22657,286.98156,3.86837
01,2008,191,1737,537.15760,200.48340,9.78130,0.02429,0.97174,42.78,2.486,158.8,2.842,25.79,24.13,13.05,42.78,65.2556,75.41909,287.11317,3.91681
01,2008,191,1738,532.87180,196.62060,9.59879,0.02377,0.95085,42.84,1.762,164.3,2.646,25.79,24.16,13.05,42.84,64.2040,75.61145,287.24488,3.96646
01,2008,191,1739,529.569,192.96680,9.42196,0.02327,0.93064,43.08,1.298,162.7,2.058,25.79,24.21,13.05,43.08,63.0924,75.80366,287.37669,4.01736
01,2008,191,1740,525.50520,189.162,9.24053,0.02275,0.91005,43.14,1.303,161.9,1.764,25.8,24.25,13.05,43.14,61.9926,75.99571,287.50861,4.06957
01,2008,191,1741,521.618,185.26660,9.06114,0.02225,0.88982,43.17,1.112,156.3,1.666,25.8,24.3,13.05,43.17,60.7336,76.18760,287.64063,4.12312
01,2008,191,1742,516.90930,181.15150,8.88058,0.02174,0.86971,43.23,1.806,148.9,2.94,25.8,24.33,13.05,43.23,59.4231,76.37933,287.77277,4.17808
01,2008,191,1743,511.11980,177.589,8.70411,0.02125,0.84996,43.16,1.599,127.2,2.548,25.8,24.35,13.05,43.16,58.8855,76.57090,287.90501,4.23450
01,2008,191,1744,506.15780,174.15420,8.53657,0.02078,0.83117,43.11,1.833,120.8,2.156,25.79,24.35,13.05,43.11,58.2484,76.76230,288.03737,4.29242
01,2008,191,1745,502.35020,170.36110,8.36799,0.02031,0.81225,43.11,0.81,137.7,1.47,25.78,24.34,13.05,43.11,56.9600,76.95353,288.16985,4.35192
01,2008,191,1746,497.87810,166.34970,8.20004,0.01984,0.79374,43.12,0.521,121.5,1.078,25.79,24.31,13.05,43.12,55.5762,77.14460,288.30244,4.41305
01,2008,191,1747,493.13460,162.75090,8.03374,0.01939,0.77541,43.08,1.677,130.3,3.43,25.79,24.27,13.05,43.08,54.6352,77.33549,288.43516,4.47588
01,2008,191,1748,485.53480,159.38240,7.86774,0.01893,0.75728,43,2.942,127.6,3.332,25.77,24.23,13.05,43,54.5103,77.52622,288.56801,4.54047
01,2008,191,1749,480.11,156.27940,7.70862,0.01850,0.73984,42.85,2.365,123.4,3.136,25.75,24.19,13.05,42.85,54.1386,77.71676,288.70098,4.60690
01,2008,191,1750,474.29580,152.98810,7.54695,0.01806,0.72233,42.79,2.122,118.5,2.94,25.74,24.18,13.05,42.79,53.6246,77.90713,288.83409,4.67525
01,2008,191,1751,468.09040,149.45310,7.38562,0.01762,0.70481,42.81,2.195,125.6,3.038,25.73,24.19,13.05,42.81,52.9095,78.09732,288.96732,4.74560
01,2008,191,1752,460.82780,145.59970,7.22403,0.01719,0.68757,42.82,1.284,108.8,2.352,25.72,24.22,13.05,42.82,52.0499,78.28733,289.10070,4.81803
01,2008,191,1753,454.65170,142.00420,7.06784,0.01677,0.67073,42.84,1.89,113.7,2.45,25.72,24.26,13.05,42.84,51.1836,78.47716,289.23421,4.89263
01,2008,191,1754,448.66520,138.71760,6.91547,0.01636,0.65443,42.77,1.508,104.5,2.254,25.71,24.3,13.05,42.77,50.5484,78.66679,289.36786,4.96949
01,2008,191,1755,444.24620,135.849,6.76784,0.01597,0.63880,42.63,1.726,107,2.45,25.7,24.34,13.05,42.63,49.9889,78.85624,289.50166,5.04872
01,2008,191,1756,439.31610,132.72720,6.62123,0.01558,0.62306,42.55,1.191,108.2,1.666,25.69,24.38,12.98,42.55,49.2442,79.04550,289.63560,5.13043
01,2008,191,1757,433.56630,129.28430,6.47472,0.01519,0.60763,42.52,0.844,104.4,1.176,25.69,24.43,13.03,42.52,48.2990,79.23456,289.76968,5.21472
01,2008,191,1758,428.35550,125.87420,6.33024,0.01481,0.59236,42.53,0.31,105.7,0.784,25.69,24.47,13.04,42.53,47.2498,79.42342,289.90393,5.30171
01,2008,191,1759,423.66180,122.41490,6.18690,0.01443,0.57728,42.57,0.098,95.9,0.098,25.69,24.51,13.04,42.57,46.0237,79.61208,290.03832,5.39154
01,2008,191,1800,417.91090,118.71250,6.04218,0.01406,0.56226,42.61,0.106,95.4,0.294,25.69,24.55,13.04,42.61,44.7108,79.80055,290.17287,5.48433
01,2008,191,1801,412.47340,115.173,5.90041,0.01369,0.54740,42.62,0.16,97.9,0.882,25.69,24.59,13.04,42.62,43.4683,79.98880,290.30758,5.58022
01,2008,191,1802,406.25440,111.72380,5.75846,0.01332,0.53291,42.63,0.719,94.6,1.078,25.69,24.63,13.03,42.63,42.4136,80.17684,290.44245,5.67938
01,2008,191,1803,400.03870,108.48370,5.61949,0.01297,0.51865,42.62,0.956,97.4,1.666,25.69,24.67,13.03,42.62,41.5265,80.36467,290.57748,5.78196
01,2008,191,1804,394.26860,105.62150,5.48465,0.01262,0.50484,42.59,1.334,106.6,2.156,25.69,24.7,13.03,42.59,40.9033,80.55228,290.71268,5.88813
01,2008,191,1805,387.90570,102.88980,5.35042,0.01228,0.49108,42.56,1.294,102.7,1.862,25.68,24.74,13.03,42.56,40.4678,80.73967,290.84805,5.99807
01,2008,191,1806,380.871,100.04640,5.21633,0.01194,0.47761,42.54,0.818,106.3,1.372,25.68,24.78,13.04,42.54,39.9848,80.92684,290.98359,6.11198
01,2008,191,1807,373.63870,97.04478,5.08466,0.01161,0.46433,42.56,1.395,110.5,2.156,25.68,24.82,13.04,42.56,39.3278,81.11378,291.11931,6.23008
01,2008,191,1808,366.91580,94.22223,4.95507,0.01128,0.45140,42.61,1.434,108.6,1.862,25.67,24.85,13.04,42.61,38.7253,81.30048,291.25520,6.35257
01,2008,191,1809,359.93860,91.57658,4.82749,0.01096,0.43856,42.6,1.29,112.9,1.666,25.67,24.88,13.04,42.6,38.2932,81.48695,291.39127,6.47969
01,2008,191,1810,352.396,88.97959,4.70602,0.01066,0.42655,42.56,1.173,108.4,1.568,25.66,24.92,13.04,42.56,37.9458,81.67318,291.52752,6.61171
01,2008,191,1811,343.94170,86.24053,4.58174,0.01036,0.41432,42.53,1.256,117.7,1.568,25.66,24.95,13.04,42.53,37.5360,81.85916,291.66395,6.74890
01,2008,191,1812,337.20750,83.61128,4.45868,0.01005,0.40217,42.51,0.67,117.4,0.98,25.65,24.98,13.04,42.51,36.9427,82.04489,291.80057,6.89154
01,2008,191,1813,331.08130,81.1307,4.33805,0.00976,0.39031,42.52,0.309,137.9,0.686,25.65,25.01,13.04,42.52,36.3716,82.23036,291.93738,7.03995
01,2008,191,1814,324.60390,78.35688,4.21761,0.00946,0.37855,42.55,0.098,167.7,0.098,25.65,25.04,13.04,42.55,35.5134,82.41557,292.07438,7.19447
01,2008,191,1815,318.61920,75.46022,4.09822,0.00917,0.36691,42.63,0.098,153.1,0.098,25.65,25.07,13.04,42.63,34.4263,82.60051,292.21158,7.35546
01,2008,191,1816,311.42,72.45394,3.98076,0.00889,0.35563,42.79,0.098,56.07,0.098,25.65,25.1,13.04,42.79,33.3427,82.78517,292.34897,7.52331
01,2008,191,1817,303.03750,69.47623,3.86360,0.00861,0.34434,42.89,0.126,46.46,0.294,25.65,25.12,13.04,42.89,32.3854,82.96955,292.48656,7.69844
01,2008,191,1818,295.15690,66.47765,3.74805,0.00834,0.33345,42.81,0.743,65.42,1.372,25.65,25.15,13.04,42.81,31.2928,83.15365,292.62435,7.88131
01,2008,191,1819,287.87830,63.94305,3.63395,0.00806,0.32254,42.48,1.192,80.9,1.372,25.65,25.18,13.04,42.48,30.5429,83.33744,292.76234,8.07240
01,2008,191,1820,279.96790,61.66221,3.52103,0.00780,0.31192,42.27,0.985,87.4,1.372,25.64,25.2,13.04,42.27,30.0706,83.52093,292.90055,8.27224
01,2008,191,1821,270.25050,59.13288,3.41023,0.00754,0.30145,42.06,0.861,78.14,1.176,25.64,25.22,13.04,42.06,29.4964,83.70411,293.03896,8.48142
01,2008,191,1822,253.55210,56.50577,3.30112,0.00728,0.29128,41.91,0.799,74.22,1.078,25.63,25.24,13.04,41.91,29.5049,83.88696,293.17758,8.70054
01,2008,191,1823,241.05010,53.15876,3.19339,0.00703,0.28126,41.91,0.73,72.52,0.98,25.63,25.27,13.04,41.91,28.2529,84.06948,293.31641,8.93029
01,2008,191,1824,236.79950,50.32027,3.08684,0.00679,0.27141,41.9,0.941,74.57,1.078,25.62,25.29,13.04,41.9,26.6026,84.25165,293.45546,9.17140
01,2008,191,1825,226.42410,48.45518,2.98155,0.00654,0.26171,41.92,0.854,75,1.078,25.62,25.32,13.04,41.92,26.4917,84.43347,293.59473,9.42466
01,2008,191,1826,214.73280,45.83283,2.87820,0.00631,0.25235,41.93,0.711,74.54,0.882,25.61,25.35,13.04,41.93,25.6804,84.61492,293.73422,9.69095
01,2008,191,1827,211.04040,43.41242,2.77637,0.00608,0.24306,41.95,0.613,75.79,0.784,25.61,25.39,13.03,41.95,24.2706,84.79599,293.87394,9.97120
01,2008,191,1828,201.44530,41.53099,2.67530,0.00585,0.23388,41.94,0.526,74.57,0.686,25.61,25.43,13.03,41.94,23.8921,84.97666,294.01388,10.26645
01,2008,191,1829,189.70150,38.83913,2.57528,0.00563,0.22503,41.88,0.418,73.44,0.588,25.61,25.47,13.03,41.88,22.8232,85.15692,294.15405,10.57783
01,2008,191,1830,185.50560,36.39583,2.47666,0.00540,0.21614,41.78,0.56,72.09,0.98,25.6,25.52,13.03,41.78,21.3144,85.33676,294.29445,10.90657
01,2008,191,1831,181.30650,34.73754,2.38044,0.00518,0.20732,41.73,0.746,74.44,0.98,25.6,25.56,13.03,41.73,20.5633,85.51614,294.43508,11.25400
01,2008,191,1832,172.33260,32.96067,2.28479,0.00497,0.19890,41.78,0.608,75.09,0.784,25.6,25.59,13.03,41.78,20.0246,85.69506,294.57595,11.62163
01,2008,191,1833,163.625,31.03984,2.19095,0.00476,0.19059,41.85,0.485,76.64,0.588,25.59,25.63,13.03,41.85,19.2655,85.87348,294.71706,12.01105
01,2008,191,1834,149.92520,28.91945,2.09877,0.00456,0.18233,41.82,0.374,79.5,0.49,25.59,25.65,13.03,41.82,18.5954,86.05140,294.85841,12.42406
01,2008,191,1835,138.31760,26.45053,2.00750,0.00436,0.17434,41.79,0.296,84.2,0.392,25.59,25.67,13.03,41.79,17.3530,86.22877,295.00000,12.86260
01,2008,191,1836,125.33380,24.20675,1.91762,0.00417,0.16661,41.78,0.263,85.2,0.392,25.59,25.69,13.03,41.78,16.3492,86.40558,295.14184,13.32881
01,2008,191,1837,115.22420,21.22459,1.83017,0.00397,0.15885,41.79,0.224,87.6,0.392,25.59,25.71,13.03,41.79,14.3545,86.58179,295.28392,13.82507
01,2008,191,1838,88.52877,16.73294,1.74348,0.00378,0.15130,41.82,0.269,91.5,0.392,25.58,25.73,13.03,41.82,11.7254,86.75736,295.42626,14.35395
01,2008,191,1839,52.68493,13.00072,1.65950,0.00360,0.14406,41.85,0.255,94,0.588,25.58,25.74,13.03,41.85,10.1812,86.93226,295.56885,14.91832
01,2008,191,1840,14.48335,10.70848,1.57656,0.00342,0.13693,41.82,0.098,88.1,0.098,25.58,25.76,13.03,41.82,9.9774,87.10646,295.71170,15.52132
01,2008,191,1841,1.99643,9.75161,1.49667,0.00325,0.13012,41.72,0.111,84.1,0.294,25.57,25.77,13.03,41.72,9.6569,87.27989,295.85480,16.16639
01,2008,191,1842,1.32874,8.96666,1.41866,0.00308,0.12336,41.63,0.358,71.15,0.49,25.57,25.79,13.03,41.63,8.9076,87.45252,295.99816,16.85730
01,2008,191,1843,0.80389,8.0981,1.34197,0.00292,0.11685,41.5,0.291,67.16,0.49,25.56,25.8,13.03,41.5,8.0648,87.62429,296.14179,17.59822
01,2008,191,1844,0.29232,7.21323,1.26715,0.00276,0.11056,41.39,0.387,61.91,0.49,25.56,25.81,13.03,41.39,7.2020,87.79514,296.28569,18.39367
01,2008,191,1845,-0.02325,6.23086,1.19463,0.00261,0.10435,41.39,0.443,64.87,0.588,25.56,25.82,13.03,41.39,6.23086,87.96501,296.42985,19.24859
01,2008,191,1846,-0.36872,5.32745,1.12397,0.00246,0.09839,41.37,0.341,62.1,0.49,25.56,25.83,13.03,41.37,5.32745,88.13383,296.57428,20.16835
01,2008,191,1847,-0.78062,4.52623,1.05374,0.00231,0.09248,41.37,0.291,62.42,0.49,25.55,25.84,13.03,41.37,4.52623,88.30152,296.71898,21.15876
01,2008,191,1848,-0.79391,3.63909,0.98649,0.00217,0.08679,41.43,0.188,61.4,0.49,25.55,25.85,13.03,41.43,3.63909,88.46800,296.86396,22.22604
01,2008,191,1849,-0.80055,2.86574,0.92145,0.00203,0.08130,41.45,0.155,58.61,0.392,25.55,25.86,13.03,41.45,2.86574,88.63320,297.00922,23.37684
01,2008,191,1850,-0.79723,2.21317,0.85767,0.00190,0.07592,41.47,0.114,63.26,0.196,25.55,25.87,13.03,41.47,2.21317,88.79702,297.15476,24.61817
01,2008,191,1851,-0.80055,1.67439,0.79638,0.00177,0.07077,41.47,0.098,63.57,0.098,25.55,25.88,13.03,41.47,1.67439,88.95939,297.30058,25.95733
01,2008,191,1852,-0.91681,1.22386,0.73794,0.00165,0.06595,41.45,0.163,63.81,0.49,25.54,25.88,13.03,41.45,1.22386,89.12021,297.44669,27.40184
01,2008,191,1853,-1.09618,0.73385,0.68124,0.00153,0.06119,41.37,0.325,65.25,0.49,25.54,25.89,13.03,41.37,0.73385,89.27943,297.59308,28.95932
01,2008,191,1854,-1.41507,0.24384,0.62731,0.00142,0.05674,41.29,0.265,67.17,0.49,25.54,25.9,13.03,41.29,0.24384,89.43699,297.73976,30.63727
01,2008,191,1855,-1.71070,-0.28100,0.57630,0.00131,0.05229,40.93,0.573,74.21,0.784,25.54,25.9,13.03,40.93,0,89.59288,297.88674,32.44301
01,2008,191,1856,-1.73728,-1.04503,0.52702,0.00121,0.04831,40.76,0.518,87.1,0.686,25.54,25.91,12.97,40.76,0,89.74713,298.03401,34.38341
01,2008,191,1857,-1.60109,-1.59310,0.47969,0.00111,0.04430,40.92,0.568,79.79,0.686,25.53,25.93,13.01,40.92,0,89.89986,298.18158,36.46483
01,2008,191,1858,-1.59112,-2.08775,0.43590,0.00102,0.04065,41.01,0.634,77.54,0.784,25.53,25.95,13.03,41.01,0,90.56675,298.32945,47.48410
01,2008,191,1859,-1.62434,-2.47325,0.39370,0.00093,0.03716,41.02,0.711,77.27,0.882,25.53,25.97,13.02,41.02,0,90.74456,298.47762,50.85882
01,2008,191,1900,-1.76053,-2.92145,0.35442,0.00085,0.03384,40.99,0.88,70.03,1.078,25.53,26,13.02,40.99,0,90.92212,298.62610,54.27898
01,2008,191,1901,-1.73727,-3.13045,0.31785,0.00077,0.03095,41.01,0.717,67.13,0.882,25.53,26.03,13.02,41.01,0,91.09943,298.77488,57.59474
01,2008,191,1902,-1.70405,-3.50664,0.28356,0.00070,0.02803,40.86,0.673,68.97,0.882,25.52,26.06,13.01,40.86,0,91.27649,298.92397,60.59314
01,2008,191,1903,-1.91331,-3.83408,0.25192,0.00063,0.02537,40.7,0.833,68.9,1.078,25.52,26.08,13.02,40.7,0,91.45329,299.07338,62.99991
01,2008,191,1904,-1.99634,-4.05467,0.22228,0.00057,0.02290,40.64,0.818,66.01,1.078,25.52,26.1,13.02,40.64,0,91.62984,299.22310,64.50179
01,2008,191,1905,-2.01627,-4.40068,0.19543,0.00052,0.02066,40.62,0.385,64.45,0.686,25.52,26.12,13.02,40.62,0,91.80613,299.37314,64.79602
01,2008,191,1906,-2.15246,-4.71884,0.17065,0.00047,0.01870,40.58,0.74,66.34,0.98,25.52,26.13,13.02,40.58,0,91.98216,299.52350,63.66296
01,2008,191,1907,-2.18567,-4.78617,0.14830,0.00042,0.01685,40.45,0.562,65.34,0.784,25.52,26.13,13.02,40.45,0,92.15793,299.67418,-1
01,2008,191,1908,-2.20892,-4.96497,0.12776,0.00038,0.01509,40.49,0.457,67.35,0.686,25.52,26.14,13.02,40.49,0,92.33343,299.82518,-1
01,2008,191,1909,-2.27534,-5.18324,0.11000,0.00034,0.01355,40.55,0.691,57.8,0.98,25.52,26.14,13.02,40.55,0,92.50867,299.97651,-1
01,2008,191,1910,-2.20226,-5.32257,0.09397,0.00030,0.01214,40.53,0.843,54.9,1.078,25.52,26.14,13.02,40.53,0,92.68364,300.12817,-1
01,2008,191,1911,-2.18233,-5.53619,0.07891,0.00028,0.01108,40.6,1.027,49.68,1.176,25.52,26.14,13.02,40.6,0,92.85835,300.28017,-1
01,2008,191,1912,-1.87342,-5.58962,0.06593,0.00024,0.00978,40.84,1.078,47.39,1.372,25.52,26.14,13.02,40.84,0,93.03278,300.43249,-1
01,2008,191,1913,-1.43496,-5.61285,0.05427,0.00022,0.00864,41,1.073,45.65,1.372,25.52,26.14,13.02,41,0,93.20694,300.58516,-1
01,2008,191,1914,-1.11275,-5.56867,0.04435,0.00020,0.00813,41.08,1.264,47.09,1.47,25.52,26.14,13.02,41.08,0,93.38083,300.73816,-1
01,2008,191,1915,-0.85698,-5.44325,0.03609,0.00017,0.00697,41.18,1.042,43.84,1.372,25.52,26.14,13.02,41.18,0,93.55444,300.89151,-1
01,2008,191,1916,-0.45506,-5.47572,0.02762,0.00016,0.00651,41.24,1.222,46.33,1.47,25.52,26.14,13.02,41.24,0,93.72777,301.04520,-1
01,2008,191,1917,-0.19265,-5.32475,0.02075,0.00015,0.00605,41.29,1.178,43.79,1.47,25.52,26.15,13.03,41.29,0,93.90083,301.19923,-1
01,2008,191,1918,-0.10297,-5.20863,0.01527,0.00012,0.00491,41.28,1.235,46.14,1.568,25.52,26.15,13.03,41.28,0,94.07360,301.35362,-1
01,2008,191,1919,-0.19929,-4.84866,0.00958,0.00012,0.00488,41.27,1.168,51.28,1.47,25.52,26.14,13.03,41.27,0,94.24609,301.50836,-1
01,2008,191,1920,-0.19929,-4.79060,0.00638,0.00012,0.00476,41.25,1.127,50.54,1.372,25.52,26.14,13.03,41.25,0,94.41829,301.66345,-1
01,2008,191,1921,-0.25576,-4.75575,0.00125,0.00010,0.00400,41.21,1.07,46.74,1.274,25.52,26.14,13.03,41.21,0,94.59020,301.81890,-1
01,2008,191,1922,-0.50155,-4.70233,-0.00083,0.00009,0.00345,41.09,0.776,43.79,1.078,25.52,26.15,13.03,41.09,0,94.76183,301.97470,-1
01,2008,191,1923,-0.79384,-4.69535,-0.00243,0.00008,0.00326,40.97,0.449,51.12,0.882,25.52,26.16,13.03,40.97,0,94.93317,302.13087,-1
01,2008,191,1924,-1.27878,-5.02508,-0.00548,0.00008,0.00326,40.78,0.608,57.55,1.078,25.52,26.17,13.02,40.78,0,95.10421,302.28740,-1
01,2008,191,1925,-1.56775,-5.39429,-0.00749,0.00008,0.00326,40.61,0.866,55.91,1.176,25.52,26.19,13.02,40.61,0,95.27495,302.44430,-1
01,2008,191,1926,-1.67736,-5.42679,-0.00854,0.00008,0.00326,40.47,1.062,53.63,1.274,25.51,26.21,13.02,40.47,0,95.44540,302.60157,-1
01,2008,191,1927,-1.84343,-5.48252,-0.00916,0.00008,0.00326,40.44,1.101,50.47,1.274,25.51,26.24,13.02,40.44,0,95.61555,302.75921,-1
01,2008,191,1928,-2.10250,-5.57308,-0.01076,0.00008,0.00326,40.33,0.791,59.35,1.078,25.51,26.26,13.02,40.33,0,95.78540,302.91722,-1
01,2008,191,1929,-2.38482,-5.69846,-0.01201,0.00008,0.00326,40.18,0.644,63.36,0.784,25.51,26.28,13.02,40.18,0,95.95495,303.07561,-1
01,2008,191,1930,-2.40143,-5.97943,-0.01221,0.00008,0.00326,39.92,0.505,65.69,0.686,25.51,26.3,13.02,39.92,0,96.12419,303.23438,-1
01,2008,191,1931,-2.39146,-6.13037,-0.01214,0.00008,0.00326,39.72,0.521,65.3,0.686,25.51,26.31,13.02,39.72,0,96.29312,303.39352,-1
01,2008,191,1932,-2.39146,-6.17912,-0.01291,0.00008,0.00324,39.47,0.678,72.31,0.784,25.51,26.32,13.02,39.47,0,96.46175,303.55305,-1
01,2008,191,1933,-2.38814,-6.36489,-0.01305,0.00008,0.00326,39.24,0.593,75.85,0.784,25.5,26.32,13.02,39.24,0,96.63006,303.71297,-1
01,2008,191,1934,-2.39478,-6.40668,-0.01346,0.00008,0.00324,39.17,0.712,72.38,1.078,25.5,26.33,13.02,39.17,0,96.79806,303.87328,-1
01,2008,191,1935,-2.40142,-6.39971,-0.01367,0.00008,0.00324,39.18,0.887,74.14,1.078,25.5,26.33,13.02,39.18,0,96.96574,304.03397,-1
01,2008,191,1936,-2.39146,-6.30451,-0.01388,0.00008,0.00326,39.26,0.789,69.25,0.98,25.5,26.32,13.02,39.26,0,97.13311,304.19506,-1
01,2008,191,1937,-2.47449,-6.29754,-0.01367,0.00008,0.00326,39.23,0.965,68.94,1.176,25.5,26.32,13.02,39.23,0,97.30016,304.35655,-1
01,2008,191,1938,-2.42799,-6.40900,-0.01374,0.00008,0.00326,39.13,0.844,78.86,1.176,25.5,26.32,13.02,39.13,0,97.46689,304.51843,-1
01,2008,191,1939,-2.39478,-6.39738,-0.01423,0.00008,0.00326,38.97,0.572,90.1,0.686,25.5,26.31,13.02,38.97,0,97.63329,304.68072,-1
01,2008,191,1940,-2.39810,-6.27895,-0.01402,0.00008,0.00326,38.89,0.555,88.9,0.686,25.5,26.31,13.02,38.89,0,97.79936,304.84340,-1
01,2008,191,1941,-2.55421,-6.40435,-0.01416,0.00008,0.00326,38.92,0.459,85.6,0.588,25.49,26.3,13.02,38.92,0,97.96511,305.00649,-1
01,2008,191,1942,-2.58742,-6.40899,-0.01332,0.00008,0.00326,38.91,0.431,81.7,0.588,25.49,26.3,13.02,38.91,0,98.13053,305.16999,-1
01,2008,191,1943,-2.5841,-6.40899,-0.01305,0.00008,0.00326,38.94,0.601,78.11,0.882,25.49,26.29,13.02,38.94,0,98.29561,305.33390,-1
01,2008,191,1944,-2.55421,-6.42060,-0.01332,0.00008,0.00326,39.06,0.377,77.06,0.49,25.49,26.29,13.02,39.06,0,98.46036,305.49822,-1
01,2008,191,1945,-2.41470,-6.49723,-0.01402,0.00008,0.00326,39.13,0.418,77.05,0.588,25.49,26.29,13.02,39.13,0,98.62478,305.66296,-1
01,2008,191,1946,-2.39478,-6.65977,-0.01214,0.00008,0.00326,39.2,0.485,77,0.588,25.49,26.3,13.02,39.2,0,98.78885,305.82812,-1
01,2008,191,1947,-2.37484,-6.43453,-0.01319,0.00008,0.00326,39.25,0.539,75.39,0.686,25.49,26.31,13.02,39.25,0,98.95259,305.99369,-1
01,2008,191,1948,-2.33831,-6.37648,-0.01221,0.00008,0.00326,39.26,0.402,74.72,0.588,25.49,26.33,13.02,39.26,0,99.11598,306.15968,-1
01,2008,191,1949,-2.33166,-6.23947,-0.01263,0.00008,0.00326,39.24,0.485,73.69,0.588,25.49,26.35,13.02,39.24,0,99.27902,306.32610,-1
01,2008,191,1950,-2.22206,-6.09550,-0.01291,0.00008,0.00326,39.21,0.465,71,0.686,25.49,26.37,13.02,39.21,0,99.44172,306.49295,-1
01,2008,191,1951,-2.18220,-6.01655,-0.01277,0.00008,0.00326,39.18,0.469,64.04,0.686,25.49,26.39,13.02,39.18,0,99.60406,306.66023,-1
01,2008,191,1952,-2.08257,-5.97246,-0.01208,0.00008,0.00326,39.26,0.444,64.36,0.686,25.49,26.41,13.02,39.26,0,99.76605,306.82794,-1
01,2008,191,1953,-2.16561,-5.85173,-0.01263,0.00008,0.00326,39.24,0.658,66.21,0.98,25.49,26.42,13.02,39.24,0,99.92769,306.99608,-1
01,2008,191,1954,-2.21543,-5.98640,-0.01249,0.00008,0.00326,38.97,0.84,66.56,0.98,25.49,26.43,13.02,38.97,0,100.08897,307.16465,-1
01,2008,191,1955,-2.15232,-5.87029,-0.01180,0.00008,0.00326,38.83,0.8,64.52,0.98,25.49,26.44,13.02,38.83,0,100.24990,307.33367,-1
01,2008,191,1956,-1.97960,-5.88887,-0.01124,0.00008,0.00326,38.95,0.51,61.47,0.98,25.49,26.44,12.96,38.95,0,100.41046,307.50313,-1
01,2008,191,1957,-1.55113,-5.93298,-0.01194,0.00008,0.00326,39.09,0.573,61.96,0.98,25.49,26.44,13,39.09,0,100.57065,307.67303,-1
01,2008,191,1958,-1.34188,-5.73096,-0.01173,0.00008,0.00326,39.18,0.63,62.88,0.98,25.49,26.44,13.02,39.18,0,100.73048,307.84338,-1
01,2008,191,1959,-1.19905,-5.57305,-0.01208,0.00008,0.00326,39.08,0.849,54.75,1.176,25.49,26.43,13.02,39.08,0,100.88994,308.01417,-1
01,2008,191,2000,-1.43155,-5.57305,-0.01124,0.00008,0.00326,39.06,1.148,51.02,1.274,25.49,26.43,13.02,39.06,0,101.04903,308.18541,-1
01,2008,191,2001,-1.59431,-5.75417,-0.01145,0.00008,0.00326,39.08,1.297,49.52,1.47,25.49,26.42,13.01,39.08,0,101.20774,308.35711,-1
01,2008,191,2002,-1.59763,-5.85170,-0.01159,0.00008,0.00326,39.1,1.302,52.14,1.47,25.49,26.41,13.01,39.1,0,101.36608,308.52926,-1
01,2008,191,2003,-1.60427,-5.85169,-0.01131,0.00008,0.00326,39.08,1.333,51.75,1.47,25.49,26.4,13.01,39.08,0,101.52404,308.70187,-1
01,2008,191,2004,-1.61091,-5.68915,-0.01110,0.00008,0.00326,39.05,1.316,52.34,1.47,25.49,26.4,13.01,39.05,0,101.68162,308.87494,-1
01,2008,191,2005,-1.60759,-5.77274,-0.01152,0.00008,0.00326,38.93,1.225,55.72,1.568,25.49,26.39,13.01,38.93,0,101.83882,309.04847,-1
01,2008,191,2006,-1.58766,-5.68914,-0.01110,0.00008,0.00326,38.86,1.085,55.62,1.274,25.49,26.39,13.02,38.86,0,101.99562,309.22247,-1
01,2008,191,2007,-1.32194,-5.81918,-0.01124,0.00008,0.00326,38.83,1.254,51.99,1.47,25.49,26.4,13.02,38.83,0,102.15205,309.39693,-1
01,2008,191,2008,-1.04294,-5.60090,-0.01159,0.00008,0.00326,38.87,1.217,52,1.666,25.49,26.4,13.02,38.87,0,102.30808,309.57186,-1
01,2008,191,2009,-0.74069,-5.57303,-0.01083,0.00008,0.00326,38.99,1.669,49.47,1.96,25.49,26.42,13.02,38.99,0,102.46371,309.74726,-1
01,2008,191,2010,-0.40854,-5.57303,-0.01152,0.00008,0.00326,39.11,1.465,47.6,1.764,25.49,26.43,13.02,39.11,0,102.61895,309.92313,-1
01,2008,191,2011,-0.23582,-5.47550,-0.01173,0.00008,0.00326,39.14,1.395,47.05,1.568,25.49,26.45,13.02,39.14,0,102.77380,310.09948,-1
01,2008,191,2012,-0.17936,-5.30135,-0.01180,0.00008,0.00326,39.19,1.486,47.32,1.764,25.49,26.47,13.02,39.19,0,102.92824,310.27631,-1
01,2008,191,2013,-0.00664,-4.97858,-0.01228,0.00008,0.00326,39.3,1.416,47.05,1.764,25.49,26.48,13.02,39.3,0,103.08227,310.45361,-1
01,2008,191,2014,-0.00332,-4.63022,-0.01221,0.00008,0.00326,39.4,1.406,50.04,1.764,25.49,26.49,13.02,39.4,0,103.23591,310.63140,-1
01,2008,191,2015,0,-4.47232,-0.01228,0.00008,0.00326,39.51,1.16,51.74,1.568,25.49,26.51,13.02,39.51,0,103.38913,310.80967,-1
01,2008,191,2016,-0.04318,-4.45839,-0.01214,0.00008,0.00326,39.55,1.254,49.04,1.764,25.49,26.51,13.02,39.55,0,103.54194,310.98843,-1
01,2008,191,2017,-0.18600,-4.44911,-0.01242,0.00008,0.00326,39.67,1.385,49.29,1.666,25.49,26.51,13.02,39.67,0,103.69434,311.16767,-1
01,2008,191,2018,-0.32882,-4.78814,-0.01194,0.00008,0.00326,39.65,1.383,48.47,1.666,25.49,26.51,13.02,39.65,0,103.84632,311.34741,-1
01,2008,191,2019,-0.38197,-4.88567,-0.01173,0.00008,0.00326,39.56,1.563,48.36,2.156,25.49,26.51,13.02,39.56,0,103.99788,311.52764,-1
01,2008,191,2020,-0.22586,-5.01802,-0.01201,0.00008,0.00326,39.72,1.606,47.09,1.862,25.49,26.5,13.02,39.72,0,104.14902,311.70837,-1
01,2008,191,2021,-0.00664,-5.01799,-0.01249,0.00008,0.00326,39.77,1.529,47.88,1.96,25.49,26.5,13.02,39.77,0,104.29973,311.88959,-1
01,2008,191,2022,-0.23914,-4.86474,-0.01256,0.00008,0.00326,39.76,1.493,50.58,2.058,25.49,26.49,13.02,39.76,0,104.45002,312.07131,-1
01,2008,191,2023,-0.63439,-4.73703,-0.01214,0.00008,0.00326,39.74,1.48,48.6,1.764,25.49,26.48,13.02,39.74,0,104.59988,312.25353,-1
01,2008,191,2024,-0.75729,-4.83921,-0.01228,0.00008,0.00326,39.64,1.333,49.61,1.666,25.49,26.47,13.02,39.64,0,104.74930,312.43625,-1
01,2008,191,2025,-0.83700,-4.93209,-0.01242,0.00008,0.00326,39.66,1.316,46.23,1.666,25.49,26.46,13.02,39.66,0,104.89829,312.61948,-1
01,2008,191,2026,-0.72075,-5.12483,-0.01249,0.00008,0.00326,39.67,1.189,46.39,1.568,25.49,26.46,13.02,39.67,0,105.04685,312.80322,-1
01,2008,191,2027,-0.68421,-5.11552,-0.01152,0.00008,0.00326,39.71,1.14,44.58,1.47,25.49,26.45,13.02,39.71,0,105.19496,312.98747,-1
01,2008,191,2028,-1.09607,-5.25716,-0.01083,0.00008,0.00326,39.78,0.955,46.52,1.274,25.49,26.46,13.02,39.78,0,105.34263,313.17222,-1
01,2008,191,2029,-1.20566,-5.30121,-0.01256,0.00008,0.00326,39.77,0.92,46.96,1.176,25.49,26.47,13.02,39.77,0,105.48985,313.35749,-1
01,2008,191,2030,-1.19569,-5.29887,-0.01180,0.00008,0.00326,39.73,0.939,49.37,1.274,25.49,26.48,13.02,39.73,0,105.63662,313.54328,-1
01,2008,191,2031,-1.28537,-5.31512,-0.01207,0.00008,0.00326,39.66,0.98,48.37,1.372,25.49,26.49,13.02,39.66,0,105.78294,313.72958,-1
01,2008,191,2032,-1.3518,-5.41963,-0.01207,0.00008,0.00326,39.64,0.931,47.13,1.47,25.49,26.51,13.02,39.64,0,105.92880,313.91641,-1
01,2008,191,2033,-1.53780,-5.30586,-0.01110,0.00008,0.00326,39.59,0.898,51.14,1.372,25.49,26.53,13.02,39.59,0,106.07421,314.10375,-1
01,2008,191,2034,-1.59095,-5.35233,-0.01138,0.00008,0.00326,39.54,1.083,49.34,1.47,25.49,26.54,13.02,39.54,0,106.21916,314.29161,-1
01,2008,191,2035,-1.67730,-5.41734,-0.01152,0.00008,0.00326,39.38,0.836,43.7,1.176,25.49,26.56,13.02,39.38,0,106.36364,314.48001,-1
01,2008,191,2036,-1.43816,-5.40571,-0.01117,0.00008,0.00326,39.35,0.918,36.5,1.274,25.49,26.57,12.91,39.35,0,106.50766,314.66892,-1
01,2008,191,2037,-1.36177,-5.32910,-0.01090,0.00008,0.00326,39.44,1.022,34.61,1.372,25.49,26.57,12.97,39.44,0,106.65121,314.85837,-1
01,2008,191,2038,-1.27542,-5.16657,-0.01096,0.00008,0.00326,39.4,0.758,39.37,1.078,25.49,26.57,13.01,39.4,0,106.79429,315.04835,-1
01,2008,191,2039,-1.39830,-5.26407,-0.01194,0.00008,0.00326,39.39,1.021,36.24,1.47,25.49,26.57,13.01,39.39,0,106.93689,315.23886,-1
01,2008,191,2040,-1.23555,-5.37088,-0.01020,0.00008,0.00326,39.44,1.009,37.31,1.47,25.49,26.56,13.01,39.44,0,107.07902,315.42990,-1
01,2008,191,2041,-1.07280,-5.35461,-0.01090,0.00008,0.00326,39.44,1.037,44.91,1.96,25.49,26.56,13,39.44,0,107.22066,315.62148,-1
01,2008,191,2042,-1.16581,-5.42661,-0.01041,0.00008,0.00326,39.3,1.068,51.51,1.666,25.49,26.55,13,39.3,0,107.36182,315.81359,-1
01,2008,191,2043,-1.21231,-5.52879,-0.01096,0.00008,0.00326,39.01,0.795,56.16,1.078,25.49,26.54,13,39.01,0,107.50250,316.00625,-1
01,2008,191,2044,-1.52119,-5.35461,-0.01103,0.00008,0.00330,38.79,1.052,53.1,1.47,25.48,26.53,13,38.79,0,107.64268,316.19945,-1
01,2008,191,2045,-1.58762,-5.56593,-0.01062,0.00008,0.00327,38.75,1.375,53.38,1.568,25.48,26.52,13.01,38.75,0,107.78238,316.39319,-1
01,2008,191,2046,-1.47470,-5.43359,-0.01006,0.00008,0.00327,38.71,1.463,51.71,1.666,25.48,26.51,13.01,38.71,0,107.92157,316.58747,-1
01,2008,191,2047,-1.43484,-5.44751,-0.00992,0.00008,0.00331,38.74,1.579,50.14,1.862,25.48,26.51,13.01,38.74,0,108.06027,316.78230,-1
01,2008,191,2048,-0.83034,-5.57057,-0.01006,0.00008,0.00332,38.9,1.442,47.6,1.666,25.48,26.51,13.01,38.9,0,108.19847,316.97767,-1
01,2008,191,2049,-0.19264,-5.38711,-0.00972,0.00008,0.00326,39,1.196,48.92,1.666,25.49,26.51,13.01,39,0,108.33616,317.17360,-1
01,2008,191,2050,-0.21589,-5.05041,-0.00992,0.00008,0.00327,38.97,1.463,50.43,1.764,25.49,26.52,13.01,38.97,0,108.47335,317.37008,-1
01,2008,191,2051,-0.71409,-4.93895,-0.01027,0.00008,0.00330,38.93,1.361,51.93,1.764,25.49,26.53,13.01,38.93,0,108.61003,317.56711,-1
01,2008,191,2052,-1.31526,-5.01327,-0.00992,0.00008,0.00327,38.79,1.096,60.9,1.47,25.48,26.54,13.01,38.79,0,108.74619,317.76469,-1
01,2008,191,2053,-1.77362,-4.96452,-0.01048,0.00008,0.00326,38.28,1.096,64.81,1.274,25.48,26.55,13.01,38.28,0,108.88184,317.96283,-1
01,2008,191,2054,-2.07587,-5.03884,-0.00985,0.00008,0.00331,37.86,1.16,64.86,1.372,25.48,26.56,13.01,37.86,0,109.01696,318.16152,-1
01,2008,191,2055,-2.18216,-5.19211,-0.01013,0.00008,0.00330,37.67,0.987,63.03,1.372,25.48,26.57,13.01,37.67,0,109.15156,318.36077,-1
01,2008,191,2056,-2.19877,-5.29429,-0.00965,0.00008,0.00338,37.61,1.065,54.95,1.274,25.47,26.58,12.95,37.61,0,109.28564,318.56058,-1
01,2008,191,2057,-2.10578,-5.48007,-0.00944,0.00009,0.00341,37.75,1.214,52.01,1.568,25.47,26.58,12.99,37.75,0,109.41919,318.76095,-1
01,2008,191,2058,-1.82346,-5.58689,-0.00978,0.00009,0.00346,37.94,1.183,51.46,1.568,25.47,26.58,13.01,37.94,0,109.55221,318.96189,-1
01,2008,191,2059,-1.76366,-5.73315,-0.00902,0.00008,0.00336,38.16,1.014,51.82,1.372,25.47,26.56,13.01,38.16,0,109.68469,319.16338,-1
01,2008,191,2100,-1.60756,-5.85158,-0.00978,0.00009,0.00341,38.23,1.065,54.63,1.666,25.47,26.55,13.01,38.23,0,109.81663,319.36545,-1
01,2008,191,2101,-1.61753,-5.78890,-0.00944,0.00009,0.00357,38.31,0.993,56.9,1.372,25.47,26.54,13.01,38.31,0,109.94804,319.56807,-1
01,2008,191,2102,-1.55774,-5.58921,-0.00902,0.00009,0.00353,38.24,0.934,56.84,1.666,25.47,26.53,13,38.24,0,110.07889,319.77127,-1
01,2008,191,2103,-1.76035,-5.55207,-0.00902,0.00009,0.00366,38.2,1.153,52.53,1.47,25.47,26.51,13.01,38.2,0,110.20920,319.97503,-1
01,2008,191,2104,-1.59429,-5.57298,-0.00909,0.00009,0.00364,38.1,1.264,52.63,1.666,25.47,26.5,13.01,38.1,0,110.33896,320.17936,-1
01,2008,191,2105,-1.58764,-5.62637,-0.00902,0.00009,0.00355,38.03,1.281,51.7,1.862,25.47,26.49,13.01,38.03,0,110.46817,320.38427,-1
01,2008,191,2106,-1.46474,-5.53811,-0.00861,0.00009,0.00364,38.04,1.122,52.25,1.764,25.47,26.47,13.01,38.04,0,110.59681,320.58974,-1
01,2008,191,2107,-1.55442,-5.42202,-0.00923,0.00009,0.00365,37.97,1.405,50.01,1.764,25.47,26.46,13.01,37.97,0,110.72490,320.79579,-1
01,2008,191,2108,-1.47471,-5.39880,-0.00874,0.00010,0.00384,38.03,1.421,41.1,2.058,25.47,26.46,13.01,38.03,0,110.85242,321.00241,-1
01,2008,191,2109,-1.24554,-5.55671,-0.00888,0.00009,0.00373,38.36,1.364,40.28,2.254,25.47,26.46,13.01,38.36,0,110.97938,321.20960,-1
01,2008,191,2110,-1.32857,-5.24788,-0.00874,0.00009,0.00360,38.38,1.212,42.22,1.764,25.47,26.47,13.01,38.38,0,111.10576,321.41737,-1
01,2008,191,2111,-1.18243,-5.10625,-0.00888,0.00009,0.00379,38.39,0.797,43.28,1.274,25.47,26.46,13.01,38.39,0,111.23157,321.62572,-1
01,2008,191,2112,-1.06618,-5.06445,-0.00847,0.00009,0.00376,38.35,0.697,41.13,0.98,25.47,26.47,13.01,38.35,0,111.35681,321.83464,-1
01,2008,191,2113,-1.12265,-5.22468,-0.00854,0.00010,0.00395,38.34,0.831,44.65,1.274,25.47,26.48,13.01,38.34,0,111.48147,322.04414,-1
01,2008,191,2114,-1.08942,-5.37790,-0.00867,0.00009,0.00379,38.21,0.479,57.9,0.98,25.47,26.49,13.01,38.21,0,111.60554,322.25422,-1
01,2008,191,2115,-0.94328,-5.56831,-0.00854,0.00010,0.00384,38.18,0.826,48.2,1.078,25.47,26.5,13.01,38.18,0,111.72902,322.46488,-1
01,2008,191,2116,-0.69750,-5.34541,-0.00867,0.00009,0.00374,38.28,1.303,48.96,1.666,25.47,26.5,13.01,38.28,0,111.85192,322.67612,-1
01,2008,191,2117,-0.49821,-5.11783,-0.00881,0.00009,0.00362,38.23,1.217,51.64,1.568,25.47,26.5,13.01,38.23,0,111.97422,322.88794,-1
01,2008,191,2118,-0.79382,-5.01564,-0.00867,0.00009,0.00380,38.1,1.258,52.43,1.568,25.47,26.5,13.01,38.1,0,112.09593,323.10034,-1
01,2008,191,2119,-0.37864,-5.19678,-0.00874,0.00009,0.00374,38.26,0.983,38.06,1.372,25.47,26.49,13.02,38.26,0,112.21703,323.31332,-1
01,2008,191,2120,-0.18600,-4.93671,-0.00867,0.00009,0.00354,38.42,0.916,25.78,1.568,25.47,26.48,13.02,38.42,0,112.33754,323.52689,-1
01,2008,191,2121,-0.53807,-4.39800,-0.00881,0.00009,0.00365,38.44,0.581,24.45,1.274,25.47,26.46,13.02,38.44,0,112.45743,323.74104,-1
01,2008,191,2122,-0.72407,-4.40730,-0.00881,0.00009,0.00374,38.4,1.21,32.35,1.862,25.47,26.44,13.02,38.4,0,112.57672,323.95577,-1
01,2008,191,2123,-0.27900,-4.75793,-0.00909,0.00009,0.00349,38.48,1.617,28.71,2.156,25.47,26.42,13.02,38.48,0,112.69539,324.17108,-1
01,2008,191,2124,0.24911,-4.78580,-0.00861,0.00009,0.00346,38.52,1.735,33.51,2.45,25.47,26.41,13.02,38.52,0,112.81345,324.38698,-1
01,2008,191,2125,0.74732,-4.91584,-0.00902,0.00009,0.00342,38.56,1.65,34.43,2.058,25.48,26.39,13.02,38.56,0,112.93089,324.60347,-1
01,2008,191,2126,1.27543,-4.97158,-0.00951,0.00009,0.00343,38.64,1.976,36.31,2.646,25.48,26.38,13.02,38.64,0,113.04770,324.82054,-1
01,2008,191,2127,1.58765,-5.05518,-0.00923,0.00008,0.00336,38.66,1.186,35.03,1.764,25.48,26.37,13.02,38.66,0,113.16389,325.03819,-1
01,2008,191,2128,1.50794,-4.43983,-0.00923,0.00008,0.00334,38.65,1.266,40.04,1.568,25.48,26.37,13.02,38.65,0,113.27945,325.25643,-1
01,2008,191,2129,1.39168,-4.17972,-0.00930,0.00008,0.00338,38.6,1.223,47.88,1.47,25.48,26.37,13.02,38.6,0,113.39438,325.47525,-1
01,2008,191,2130,1.54114,-4.31672,-0.00985,0.00008,0.00335,38.53,1.405,50.07,2.352,25.49,26.38,13.02,38.53,0,113.50867,325.69466,-1
01,2008,191,2131,1.53450,-4.31906,-0.00978,0.00008,0.00330,38.47,1.862,51.6,2.646,25.49,26.38,13.02,38.47,0,113.62232,325.91465,-1
01,2008,191,2132,1.49132,-4.43749,-0.00972,0.00008,0.00339,38.46,1.509,47.41,2.058,25.49,26.39,13.02,38.46,0,113.73532,326.13523,-1
01,2008,191,2133,0.91340,-4.15188,-0.01034,0.00008,0.00334,38.33,1.205,54.48,1.568,25.49,26.4,13.02,38.33,0,113.84768,326.35639,-1
01,2008,191,2134,0.28564,-4.07525,-0.00972,0.00008,0.00336,38.09,0.555,71.03,1.078,25.48,26.41,13.02,38.09,0,113.95939,326.57814,-1
01,2008,191,2135,-0.15611,-4.18671,-0.00978,0.00008,0.00335,37.69,1.009,95.3,1.47,25.48,26.41,13.02,37.69,0,114.07044,326.80047,-1
01,2008,191,2136,-0.39857,-4.51878,-0.00895,0.00008,0.00335,37.35,1.403,97.3,1.764,25.48,26.42,13.02,37.35,0,114.18084,327.02339,-1
01,2008,191,2137,-0.56132,-4.66507,-0.00972,0.00008,0.00334,37.01,1.625,98.7,1.764,25.47,26.42,13.02,37.01,0,114.29058,327.24689,-1
01,2008,191,2138,-0.92668,-4.70687,-0.00923,0.00009,0.00353,36.77,1.187,104.8,1.96,25.47,26.41,13.02,36.77,0,114.39965,327.47097,-1
01,2008,191,2139,-1.46808,-5.08073,-0.00944,0.00009,0.00357,36.73,1.521,110.2,2.156,25.47,26.4,13.02,36.73,0,114.50806,327.69564,-1
01,2008,191,2140,-1.15919,-5.57069,-0.00888,0.00009,0.00374,37.06,1.962,106.2,3.136,25.47,26.38,13.02,37.06,0,114.61580,327.92089,-1
01,2008,191,2141,-0.22254,-5.70538,-0.00888,0.00009,0.00365,37.17,1.282,106.2,1.764,25.47,26.37,13.02,37.17,0,114.72286,328.14672,-1
01,2008,191,2142,-0.19929,-5.36867,-0.00895,0.00009,0.00358,37.01,2.243,101.8,2.842,25.47,26.36,13.02,37.01,0,114.82925,328.37313,-1
01,2008,191,2143,-0.21922,-5.15040,-0.00881,0.00009,0.00361,36.86,2.143,103.2,2.842,25.47,26.34,13.02,36.86,0,114.93495,328.60013,-1
01,2008,191,2144,-0.61779,-5.11557,-0.00881,0.00009,0.00365,36.78,2.331,98.6,2.842,25.47,26.32,13.02,36.78,0,115.03997,328.82770,-1
01,2008,191,2145,-0.83036,-5.05984,-0.00867,0.00009,0.00362,36.67,2.408,96,3.038,25.47,26.31,13.02,36.67,0,115.14431,329.05586,-1
01,2008,191,2146,-0.96987,-4.92980,-0.00874,0.00009,0.00379,36.6,2.305,91.5,2.94,25.47,26.3,13.02,36.6,0,115.24795,329.28459,-1
01,2008,191,2147,-1.13262,-4.66276,-0.00847,0.00009,0.00377,36.65,1.962,89.9,2.646,25.47,26.3,13.02,36.65,0,115.35090,329.51390,-1
01,2008,191,2148,-1.09608,-4.93677,-0.00867,0.00010,0.00393,36.72,2.138,88.2,2.842,25.47,26.3,13.02,36.72,0,115.45315,329.74379,-1
01,2008,191,2149,-1.03962,-5.01107,-0.00847,0.00010,0.00400,36.73,1.748,90.8,2.156,25.47,26.31,13.02,36.73,0,115.55470,329.97425,-1
01,2008,191,2150,-1.30201,-5.01572,-0.00854,0.00010,0.00418,36.75,1.784,89.2,2.548,25.47,26.31,13.02,36.75,0,115.65554,330.20529,-1
01,2008,191,2151,-1.18244,-5.05984,-0.00840,0.00011,0.00423,36.76,1.498,101.7,2.548,25.47,26.32,13.02,36.76,0,115.75568,330.43690,-1
01,2008,191,2152,-1.51126,-5.21542,-0.00840,0.00010,0.00419,36.51,1.41,90.1,2.744,25.46,26.33,13.02,36.51,0,115.85510,330.66908,-1
01,2008,191,2153,-1.61423,-5.47085,-0.00833,0.00011,0.00438,36.37,2.62,93,3.43,25.46,26.34,13.02,36.37,0,115.95382,330.90183,-1
01,2008,191,2154,-1.46808,-5.56142,-0.00840,0.00011,0.00438,36.36,2.576,85.8,3.332,25.46,26.35,13.02,36.36,0,116.05181,331.13516,-1
01,2008,191,2155,-1.05955,-5.80524,-0.00847,0.00011,0.00429,36.41,2.061,86.2,2.45,25.46,26.35,13.02,36.41,0,116.14908,331.36905,-1
01,2008,191,2156,-0.97319,-5.55213,-0.00840,0.00011,0.00437,36.42,1.503,80.1,1.96,25.46,26.36,12.95,36.42,0,116.24563,331.60351,-1
01,2008,191,2157,-1.65741,-5.21310,-0.00840,0.00011,0.00454,36.38,1.256,80.5,1.666,25.46,26.35,13,36.38,0,116.34145,331.83853,-1
01,2008,191,2158,-1.90652,-5.25722,-0.00840,0.00011,0.00444,36.45,1.691,78.06,2.254,25.46,26.33,13.01,36.45,0,116.43653,332.07412,-1
01,2008,191,2159,-1.86666,-5.34314,-0.00861,0.00011,0.00435,36.4,1.617,82.7,2.058,25.46,26.33,13.01,36.4,0,116.53089,332.31027,-1
01,2008,191,2200,-1.88991,-5.36171,-0.00840,0.00011,0.00449,36.24,1.406,80.6,1.666,25.46,26.32,13.01,36.24,0,116.62450,332.54698,-1
01,2008,191,2201,-2.09584,-5.29902,-0.00805,0.00012,0.00461,36.16,1.762,82.3,2.156,25.46,26.3,13.01,36.16,0,116.71737,332.78425,-1
01,2008,191,2202,-1.85005,-5.34314,-0.00826,0.00012,0.00472,36.26,1.565,84,2.156,25.46,26.29,13.01,36.26,0,116.80950,333.02207,-1
01,2008,191,2203,-1.60426,-5.54052,-0.00812,0.00012,0.00478,36.25,1.419,82.4,1.666,25.46,26.27,13.01,36.25,0,116.90088,333.26045,-1
01,2008,191,2204,-1.63084,-5.58928,-0.00826,0.00012,0.00471,36.3,1.127,81.6,1.372,25.46,26.26,13.01,36.3,0,116.99151,333.49939,-1
01,2008,191,2205,-1.85337,-5.59857,-0.00819,0.00012,0.00482,36.29,1.078,82.6,1.372,25.45,26.25,13.01,36.29,0,117.08138,333.73887,-1
01,2008,191,2206,-2.00284,-5.57303,-0.00826,0.00012,0.00476,36.33,0.871,87.5,1.372,25.45,26.25,13.02,36.33,0,117.17050,333.97891,-1
01,2008,191,2207,-2.00615,-5.68446,-0.00812,0.00012,0.00479,36.33,0.781,88.7,1.078,25.45,26.25,13.02,36.33,0,117.25885,334.21948,-1
01,2008,191,2208,-1.99618,-5.85163,-0.00826,0.00012,0.00483,36.3,0.766,90.6,0.98,25.45,26.26,13.02,36.3,0,117.34644,334.46061,-1
01,2008,191,2209,-1.99618,-5.84467,-0.00819,0.00012,0.00482,36.26,0.942,93.4,1.176,25.45,26.26,13.02,36.26,0,117.43326,334.70227,-1
01,2008,191,2210,-1.86001,-5.84468,-0.00805,0.00012,0.00486,36.24,0.928,90.5,1.372,25.45,26.27,13.02,36.24,0,117.51931,334.94448,-1
01,2008,191,2211,-1.64079,-5.86558,-0.00791,0.00012,0.00482,36.3,1.021,88.1,1.568,25.45,26.28,13.02,36.3,0,117.60458,335.18722,-1
01,2008,191,2212,-1.61754,-5.85165,-0.00798,0.00012,0.00484,36.29,0.952,83.7,1.274,25.45,26.29,13.02,36.29,0,117.68908,335.43050,-1
01,2008,191,2213,-1.65076,-5.90506,-0.00777,0.00012,0.00486,36.26,1.202,84.2,1.47,25.45,26.3,13.02,36.26,0,117.77279,335.67430,-1
01,2008,191,2214,-1.59762,-5.86327,-0.00784,0.00012,0.00483,36.29,1.073,85.1,1.568,25.45,26.31,13.02,36.29,0,117.85572,335.91864,-1
01,2008,191,2215,-1.60758,-5.84701,-0.00784,0.00012,0.00488,36.24,1.205,79.93,1.372,25.45,26.31,13.02,36.24,0,117.93787,336.16350,-1
01,2008,191,2216,-1.51790,-5.85398,-0.00756,0.00012,0.00487,36.23,0.954,92.5,1.274,25.45,26.31,13.02,36.23,0,118.01922,336.40889,-1
01,2008,191,2217,-1.07283,-5.62410,-0.00763,0.00012,0.00488,36.16,0.73,103.6,0.98,25.45,26.31,13.02,36.16,0,118.09978,336.65480,-1
01,2008,191,2218,-1.00972,-5.44762,-0.00749,0.00012,0.00487,36.11,0.382,102.1,0.686,25.45,26.3,13.02,36.11,0,118.17954,336.90122,-1
01,2008,191,2219,-1.39169,-5.42673,-0.00736,0.00012,0.00487,36.08,0.098,101.9,0.098,25.45,26.29,13.02,36.08,0,118.25850,337.14816,-1
01,2008,191,2220,-1.84341,-5.42441,-0.00749,0.00012,0.00486,36.04,0.098,101.8,0.098,25.45,26.27,13.02,36.04,0,118.33666,337.39561,-1
01,2008,191,2221,-2.13902,-5.57070,-0.00749,0.00012,0.00487,35.98,0.098,101.9,0.098,25.44,26.25,13.02,35.98,0,118.41401,337.64357,-1
01,2008,191,2222,-2.35491,-5.66823,-0.00729,0.00012,0.00487,35.9,0.098,101.8,0.098,25.44,26.24,13.02,35.9,0,118.49056,337.89204,-1
01,2008,191,2223,-2.01280,-5.85168,-0.00729,0.00012,0.00486,35.86,0.307,101.9,0.686,25.44,26.22,13.02,35.86,0,118.56629,338.14100,-1
01,2008,191,2224,-1.39501,-5.83542,-0.00715,0.00012,0.00488,35.88,0.575,101.9,0.784,25.44,26.21,13.02,35.88,0,118.64120,338.39047,-1
01,2008,191,2225,-1.10604,-5.77737,-0.00708,0.00012,0.00488,35.86,0.688,96.3,1.176,25.44,26.2,13.02,35.86,0,118.71530,338.64042,-1
01,2008,191,2226,-0.93665,-5.85168,-0.00632,0.00012,0.00488,35.87,1.594,94.5,2.254,25.44,26.2,13.02,35.87,0,118.78857,338.89087,-1
01,2008,191,2227,-0.97983,-5.67984,-0.00694,0.00012,0.00488,35.77,1.713,96.4,2.254,25.44,26.2,13.02,35.77,0,118.86102,339.14181,-1
01,2008,191,2228,-0.98315,-5.57303,-0.00632,0.00012,0.00487,35.73,1.235,89.7,1.96,25.44,26.21,13.02,35.73,0,118.93264,339.39323,-1
01,2008,191,2229,-0.97983,-5.57303,-0.00680,0.00012,0.00488,35.68,0.64,92,1.078,25.44,26.21,13.02,35.68,0,119.00343,339.64513,-1
01,2008,191,2230,-0.80047,-5.56374,-0.00652,0.00012,0.00488,35.65,1.065,95.3,1.47,25.44,26.22,13.02,35.65,0,119.07339,339.89751,-1
01,2008,191,2231,-0.74733,-5.42441,-0.00680,0.00012,0.00488,35.64,0.882,81.3,1.372,25.44,26.22,13.02,35.64,0,119.14251,340.15036,-1
01,2008,191,2232,-0.88019,-5.56142,-0.00666,0.00012,0.00488,35.67,0.835,79.44,1.176,25.44,26.23,13.02,35.67,0,119.21079,340.40367,-1
01,2008,191,2233,-1.12265,-5.57303,-0.00604,0.00012,0.00488,35.69,1.53,77.13,2.254,25.44,26.24,13.02,35.69,0,119.27823,340.65745,-1
01,2008,191,2234,-1.28872,-5.69146,-0.00659,0.00012,0.00488,35.89,2.442,73.62,3.038,25.44,26.25,13.02,35.89,0,119.34482,340.91169,-1
01,2008,191,2235,-0.87354,-5.46389,-0.00645,0.00012,0.00488,36.01,2.489,69.7,2.94,25.44,26.25,13.02,36.01,0,119.41057,341.16639,-1
01,2008,191,2236,-0.39857,-5.72397,-0.00666,0.00012,0.00488,36.23,2.79,74.5,3.43,25.44,26.24,13.02,36.23,0,119.47546,341.42154,-1
01,2008,191,2237,-0.03321,-5.54516,-0.00632,0.00012,0.00488,36.11,2.363,74.72,2.842,25.44,26.23,13.02,36.11,0,119.53951,341.67713,-1
01,2008,191,2238,-0.14614,-5.34082,-0.00604,0.00012,0.00488,35.97,2.017,70.41,2.548,25.44,26.22,13.02,35.97,0,119.60269,341.93317,-1
01,2008,191,2239,-0.39525,-4.85318,-0.00583,0.00012,0.00487,35.85,1.383,69.81,1.862,25.44,26.2,13.02,35.85,0,119.66502,342.18964,-1
01,2008,191,2240,-0.59454,-4.47003,-0.00701,0.00012,0.00488,35.76,1.263,79.27,1.764,25.44,26.18,13.02,35.76,0,119.72648,342.44655,-1
01,2008,191,2241,-0.29229,-4.69992,-0.00590,0.00012,0.00488,35.77,1.89,109.5,2.45,25.44,26.16,13.02,35.77,0,119.78708,342.70389,-1
01,2008,191,2242,0.64436,-5.58464,-0.00666,0.00012,0.00488,35.84,1.962,115.1,2.548,25.44,26.14,13.02,35.84,0,119.84681,342.96165,-1
01,2008,191,2243,1.20569,-6.04674,-0.00722,0.00012,0.00487,35.88,2.54,115.8,3.136,25.45,26.13,13.02,35.88,0,119.90567,343.21983,-1
01,2008,191,2244,1.87995,-6.05138,-0.00729,0.00012,0.00488,36.11,2.84,110.6,3.332,25.45,26.12,13.02,36.11,0,119.96366,343.47842,-1
01,2008,191,2245,2.56084,-5.66823,-0.00749,0.00012,0.00487,36.27,2.447,112.4,3.038,25.45,26.11,13.02,36.27,0,120.02078,343.73743,-1
01,2008,191,2246,2.73356,-5.33617,-0.00770,0.00012,0.00486,36.2,2.197,115.4,2.842,25.45,26.11,13.02,36.2,0,120.07702,343.99683,-1
01,2008,191,2247,2.34164,-5.13185,-0.00715,0.00012,0.00488,36.01,2.212,113.3,3.43,25.45,26.12,13.02,36.01,0,120.13237,344.25664,-1
01,2008,191,2248,2.35493,-5.05524,-0.00763,0.00012,0.00484,35.81,3.185,109.9,4.018,25.45,26.12,13.02,35.81,0,120.18685,344.51684,-1
01,2008,191,2249,2.37818,-4.91823,-0.00743,0.00012,0.00487,35.66,2.6,104.8,3.92,25.45,26.13,13.02,35.66,0,120.24044,344.77743,-1
01,2008,191,2250,2.12575,-4.73710,-0.00763,0.00012,0.00483,35.57,3.139,106.2,4.312,25.45,26.14,13.02,35.57,0,120.29314,345.03840,-1
01,2008,191,2251,1.96299,-4.52811,-0.00749,0.00012,0.00480,35.46,2.437,102.1,3.136,25.45,26.15,13.02,35.46,0,120.34495,345.29975,-1
01,2008,191,2252,1.35517,-4.43525,-0.00784,0.00012,0.00480,35.35,2.016,104,2.842,25.45,26.15,13.02,35.35,0,120.39587,345.56148,-1
01,2008,191,2253,0.99977,-4.39346,-0.00798,0.00012,0.00484,35.26,1.245,107.2,1.764,25.45,26.16,13.02,35.26,0,120.44590,345.82357,-1
01,2008,191,2254,0.34544,-4.50955,-0.00791,0.00012,0.00487,35.21,1.88,109.5,2.45,25.45,26.17,13.02,35.21,0,120.49503,346.08602,-1
01,2008,191,2255,0.21258,-4.72086,-0.00791,0.00012,0.00488,35.2,1.501,100.9,2.254,25.45,26.17,13.02,35.2,0,120.54326,346.34883,-1
01,2008,191,2256,0.15611,-4.72318,-0.00770,0.00012,0.00488,35.14,1.651,94.6,2.254,25.45,26.16,12.95,35.14,0,120.59059,346.61199,-1
01,2008,191,2257,-0.11957,-4.87643,-0.00770,0.00012,0.00483,35.12,1.566,88.1,2.254,25.45,26.15,13,35.12,0,120.63701,346.87549,-1
01,2008,191,2258,-0.73405,-5.00879,-0.00756,0.00012,0.00483,34.96,1.395,85.1,1.862,25.45,26.14,13.02,34.96,0,120.68253,347.13934,-1
01,2008,191,2259,-1.47143,-5.01347,-0.00729,0.00012,0.00486,34.9,1.548,81.7,1.862,25.44,26.13,13.01,34.9,0,120.72714,347.40351,-1
01,2008,191,2300,-1.86004,-5.00651,-0.00715,0.00012,0.00486,34.88,1.968,79.5,2.548,25.44,26.11,13.01,34.88,0,120.77085,347.66801,-1
01,2008,191,2301,-2.18224,-5.04369,-0.00687,0.00012,0.00488,34.8,1.736,75.15,1.96,25.44,26.1,13.01,34.8,0,120.81364,347.93284,-1
01,2008,191,2302,-2.47786,-4.92062,-0.00632,0.00012,0.00488,34.72,2.148,72.31,2.352,25.44,26.08,13.01,34.72,0,120.85551,348.19797,-1
01,2008,191,2303,-2.54762,-5.11801,-0.00673,0.00012,0.00488,34.79,2.149,68.88,2.646,25.43,26.07,13.01,34.79,0,120.89648,348.46342,-1
01,2008,191,2304,-2.52104,-5.26893,-0.00611,0.00012,0.00488,34.93,2.125,68.21,2.548,25.43,26.07,13.01,34.93,0,120.93652,348.72917,-1
01,2008,191,2305,-2.38153,-5.29215,-0.00604,0.00012,0.00488,34.95,1.934,63.7,2.352,25.43,26.07,13.01,34.95,0,120.97564,348.99521,-1
01,2008,191,2306,-2.12577,-5.42217,-0.00597,0.00012,0.00488,34.97,1.757,65.51,2.156,25.43,26.07,13.02,34.97,0,121.01384,349.26155,-1
01,2008,191,2307,-1.99290,-5.55220,-0.00590,0.00012,0.00487,34.96,1.849,67.58,2.254,25.43,26.08,13.02,34.96,0,121.05112,349.52817,-1
01,2008,191,2308,-1.98958,-5.57309,-0.00541,0.00012,0.00488,34.93,1.695,71.21,1.96,25.43,26.09,13.02,34.93,0,121.08748,349.79507,-1
01,2008,191,2309,-1.83346,-5.57309,-0.00500,0.00012,0.00488,34.91,1.609,77.25,1.96,25.43,26.1,13.02,34.91,0,121.12290,350.06223,-1
01,2008,191,2310,-1.64746,-5.45233,-0.00555,0.00012,0.00488,34.96,1.764,80.9,2.058,25.43,26.11,13.02,34.96,0,121.15740,350.32966,-1
01,2008,191,2311,-1.43488,-5.34086,-0.00507,0.00012,0.00488,35.04,1.694,81.3,1.96,25.43,26.12,13.02,35.04,0,121.19097,350.59735,-1
01,2008,191,2312,-1.45149,-5.31066,-0.00576,0.00012,0.00488,35.01,1.14,80.6,1.862,25.43,26.12,13.02,35.01,0,121.22361,350.86530,-1
01,2008,191,2313,-1.61424,-5.32924,-0.00520,0.00012,0.00488,34.89,1.166,88.2,1.47,25.43,26.13,13.02,34.89,0,121.25531,351.13348,-1
01,2008,191,2314,-1.5777,-5.41515,-0.00520,0.00012,0.00488,34.78,1.323,90.1,1.568,25.43,26.14,13.02,34.78,0,121.28608,351.40191,-1
01,2008,191,2315,-1.52456,-5.29441,-0.00458,0.00012,0.00488,34.72,1.29,91.9,1.568,25.43,26.14,13.02,34.72,0,121.31591,351.67056,-1
01,2008,191,2316,-1.27878,-5.30141,-0.00493,0.00012,0.00488,34.8,1.382,92.4,1.568,25.43,26.14,13.02,34.8,0,121.34480,351.93944,-1
01,2008,191,2317,-0.83038,-5.10172,-0.00493,0.00012,0.00488,34.91,1.413,93.1,1.666,25.43,26.13,13.02,34.91,0,121.37276,352.20853,-1
01,2008,191,2318,-0.80713,-5.01582,-0.00479,0.00012,0.00488,34.91,1.031,94.8,1.274,25.43,26.11,13.02,34.91,0,121.39977,352.47784,-1
01,2008,191,2319,-0.80049,-5.01584,-0.00479,0.00012,0.00488,34.83,1.057,96.1,1.274,25.43,26.1,13.02,34.83,0,121.42584,352.74735,-1
01,2008,191,2320,-0.80049,-5.0437,-0.00486,0.00012,0.00488,34.8,1.24,95.4,1.47,25.43,26.08,13.02,34.8,0,121.45097,353.01706,-1
01,2008,191,2321,-0.80049,-5.15979,-0.00451,0.00012,0.00488,34.79,1.344,95,1.47,25.43,26.06,13.02,34.79,0,121.47516,353.28696,-1
01,2008,191,2322,-0.75398,-5.14816,-0.00472,0.00012,0.00488,34.76,1.388,98.4,1.568,25.43,26.04,13.02,34.76,0,121.49839,353.55704,-1
01,2008,191,2323,-0.78388,-5.03437,-0.00493,0.00012,0.00488,34.57,1.452,103.5,1.764,25.43,26.04,13.02,34.57,0,121.52069,353.82729,-1
01,2008,191,2324,-1.08946,-4.89971,-0.00465,0.00012,0.00488,34.45,1.129,105.8,1.47,25.42,26.04,13.02,34.45,0,121.54203,354.09772,-1
01,2008,191,2325,-1.19907,-5.00653,-0.00444,0.00012,0.00488,34.43,1.354,104.7,1.666,25.42,26.04,13.02,34.43,0,121.56242,354.36830,-1
01,2008,191,2326,-1.07285,-5.09708,-0.00444,0.00012,0.00488,34.51,1.462,103.3,1.862,25.42,26.04,13.02,34.51,0,121.58187,354.63904,-1
01,2008,191,2327,-0.85695,-4.97170,-0.00458,0.00012,0.00488,34.54,1.303,102.6,1.764,25.42,26.05,13.02,34.54,0,121.60036,354.90993,-1
01,2008,191,2328,-0.53809,-5.09943,-0.00368,0.00012,0.00490,34.57,1.388,100.1,1.764,25.42,26.06,13.02,34.57,0,121.61790,355.18096,-1
01,2008,191,2329,-0.31887,-4.98334,-0.00403,0.00012,0.00488,34.63,1.359,103.1,1.862,25.42,26.07,13.02,34.63,0,121.63449,355.45212,-1
01,2008,191,2330,-0.31887,-4.66985,-0.00458,0.00012,0.00488,34.6,1.238,101.6,1.568,25.42,26.08,13.02,34.6,0,121.65013,355.72340,-1
01,2008,191,2331,-0.39194,-4.56765,-0.00458,0.00012,0.00488,34.5,1.299,100.3,1.568,25.42,26.09,13.02,34.5,0,121.66481,355.99481,-1
01,2008,191,2332,-0.39858,-4.68609,-0.00375,0.00012,0.00488,34.41,1.181,103.7,1.666,25.42,26.1,13.02,34.41,0,121.67854,356.26632,-1
01,2008,191,2333,-0.33215,-4.69074,-0.00500,0.00012,0.00488,34.44,1.63,107.1,2.058,25.42,26.1,13.02,34.44,0,121.69131,356.53794,-1
01,2008,191,2334,-0.19597,-4.94856,-0.00354,0.00012,0.00488,34.49,1.405,104.6,1.764,25.42,26.11,13.02,34.49,0,121.70312,356.80965,-1
01,2008,191,2335,-0.13618,-4.86961,-0.00368,0.00012,0.00488,34.49,1.498,102.4,1.96,25.42,26.1,13.02,34.49,0,121.71398,357.08145,-1
01,2008,191,2336,0.46834,-4.92535,-0.00368,0.00012,0.00488,34.54,1.769,100.5,2.352,25.42,26.1,13.02,34.54,0,121.72388,357.35333,-1
01,2008,191,2337,0.46502,-4.67453,-0.00507,0.00012,0.00488,34.45,1.584,96.8,2.058,25.42,26.09,13.02,34.45,0,121.73282,357.62529,-1
01,2008,191,2338,0.30890,-4.505,-0.00409,0.00012,0.00488,34.31,1.534,97.6,2.058,25.42,26.07,13.02,34.31,0,121.74081,357.89731,-1
01,2008,191,2339,0.01661,-4.36800,-0.00361,0.00012,0.00488,34.22,1.774,98.8,2.352,25.42,26.06,13.02,34.22,0,121.74783,358.16939,-1
01,2008,191,2340,-0.00996,-4.41909,-0.00375,0.00012,0.00488,34.2,2.331,95.1,3.038,25.42,26.04,13.02,34.2,0,121.75390,358.44153,-1
01,2008,191,2341,0.27901,-4.50734,-0.00375,0.00012,0.00488,34.33,2.38,88.6,2.94,25.42,26.03,13.02,34.33,0,121.75900,358.71370,-1
01,2008,191,2342,0.65767,-4.57466,-0.00451,0.00012,0.00488,34.38,2.131,91.6,2.94,25.42,26.02,13.02,34.38,0,121.76315,358.98591,-1
01,2008,191,2343,0.75399,-4.48873,-0.00396,0.00012,0.00488,34.42,2.43,91.1,3.038,25.42,26.01,13.02,34.42,0,121.76634,359.25816,-1
01,2008,191,2344,1.05293,-4.73718,-0.00416,0.00012,0.00488,34.51,2.478,88.9,2.94,25.43,26.01,13.02,34.51,0,121.76856,359.53042,-1
01,2008,191,2345,1.25222,-4.54677,-0.00500,0.00012,0.00488,34.55,2.079,90.6,3.038,25.43,26.01,13.02,34.55,0,121.76983,359.80270,-1
01,2008,191,2346,1.01639,-4.45854,-0.00430,0.00012,0.00488,34.59,2.125,83.5,2.646,25.43,26.02,13.02,34.59,0,121.77013,0.07498,-1
01,2008,191,2347,0.77392,-4.34012,-0.00403,0.00012,0.00488,34.61,1.957,89.4,2.352,25.43,26.03,13.02,34.61,0,121.76948,0.34726,-1
01,2008,191,2348,0.57795,-4.17989,-0.00430,0.00012,0.00488,34.55,1.593,87.5,1.96,25.43,26.03,13.02,34.55,0,121.76786,0.61953,-1
01,2008,191,2349,0.05979,-4.18916,-0.00465,0.00012,0.00488,34.54,2.226,88.4,2.646,25.43,26.04,13.02,34.54,0,121.76529,0.89179,-1
01,2008,191,2350,0.28233,-4.46085,-0.00444,0.00012,0.00488,34.59,1.753,86.1,2.45,25.43,26.05,13.02,34.59,0,121.76175,1.16402,-1
01,2008,191,2351,0.02657,-4.45854,-0.00375,0.00012,0.00488,34.46,1.454,90.1,1.764,25.43,26.06,13.02,34.46,0,121.75726,1.43623,-1
01,2008,191,2352,-0.00664,-4.41211,-0.00416,0.00012,0.00488,34.42,1.397,95,1.764,25.43,26.06,13.02,34.42,0,121.75180,1.70839,-1
01,2008,191,2353,-0.02325,-4.37496,-0.00444,0.00012,0.00488,34.35,1.351,96.2,1.764,25.42,26.07,13.02,34.35,0,121.74539,1.98051,-1
01,2008,191,2354,-0.21258,-4.50033,-0.00500,0.00012,0.00488,34.3,1.477,102.1,1.96,25.42,26.07,13.02,34.3,0,121.73802,2.25257,-1
01,2008,191,2355,-0.38862,-4.63500,-0.00409,0.00012,0.00488,34.28,1.298,105.2,1.96,25.42,26.06,13.02,34.28,0,121.72968,2.52457,-1
01,2008,191,2356,-0.22919,-4.81612,-0.00430,0.00012,0.00488,34.3,1.767,106.5,2.058,25.42,26.05,12.96,34.3,0,121.72039,2.79650,-1
01,2008,191,2357,-0.07307,-5.01119,-0.00423,0.00012,0.00488,34.31,1.235,104,1.666,25.42,26.04,13,34.31,0,121.71015,3.06836,-1
01,2008,191,2358,0.00332,-4.94386,-0.00396,0.00012,0.00488,34.28,1.111,103.3,1.568,25.42,26.03,13.02,34.28,0,121.69894,3.34014,-1
01,2008,191,2359,0.06311,-4.74413,-0.00458,0.00012,0.00488,34.26,1.664,103.3,1.96,25.42,26.01,13.02,34.26,0,121.68678,3.61182,-1
